
TESTE 0

NOTAS
A1 & 3.35709631828 & 4.59836728348 & 6.9104264974 & 3.10832633573 & 7.51355814991 & 7.79891227813 & 6.98657573178 & 1.33017810143 & 1.63169452208 & 6.11888091643 & 6.37279410414 & 3.13012036451 & 6.32315221699 & 2.70300218188 & 7.46608466006 & 6.46573715606 & 4.01276043093 & 1.21041136642 & 8.76991417746 & 2.53003964697 \
A2 & 5.11928962546 & 3.95261909623 & 1.5242349492 & 2.01530566885 & 3.61579487378 & 1.73691598923 & 5.12003061605 & 2.78310358859 & 2.39085422764 & 2.16029039905 & 5.60100985619 & 6.04716472299 & 4.47885256875 & 5.17812354797 & 7.78417022791 & 1.72695786103 & 2.39624971672 & 5.04470678713 & 7.70255167183 & 1.75373272702 \
A3 & 7.9094756685 & 4.97424506718 & 2.93934398098 & 3.26261073027 & 4.29516221848 & 8.15591278925 & 8.13270952006 & 5.90147592882 & 7.04101069896 & 1.91130985942 & 5.67324354715 & 3.21413685756 & 8.33392259398 & 5.90945275828 & 2.99905191963 & 8.40192592543 & 5.35257022352 & 4.5536448842 & 7.12782645334 & 7.02559518812 \
A4 & 1.64870873272 & 7.82863674983 & 7.87206022876 & 8.69609110998 & 4.97252674349 & 8.55312172005 & 7.91737360544 & 8.76623133226 & 4.41020121521 & 5.42470125759 & 3.73672564046 & 1.84677993058 & 5.18240764881 & 8.8826209483 & 7.68261857083 & 6.21842509623 & 6.09606446039 & 4.33351411552 & 8.05653260162 & 3.23265889726 \
A5 & 5.70982164469 & 2.13758646587 & 1.67000509863 & 4.2140634768 & 4.43546213554 & 8.39248334461 & 3.39484122748 & 8.36776034469 & 5.84414251131 & 3.297968299 & 6.97966490432 & 8.62010834644 & 6.5015764886 & 3.87352995515 & 8.86792138393 & 6.69410140005 & 2.13867448133 & 5.00426484721 & 7.30136818673 & 3.90925157051 \
A6 & 3.44531512175 & 7.39003378867 & 2.21546284105 & 4.03263944585 & 7.70953542573 & 5.83310767583 & 7.64619039812 & 7.56430540424 & 2.03553745728 & 2.30136657582 & 7.92754886591 & 2.96483260868 & 2.67078238574 & 4.12583135179 & 1.51045072458 & 2.8233157302 & 2.69100831591 & 7.38530983115 & 4.14515748071 & 2.85849583125 \
A7 & 6.45567284451 & 6.05504337453 & 1.78285343867 & 5.68065507574 & 1.70167890897 & 6.46538626287 & 3.41308197028 & 6.27960847922 & 6.69033943123 & 8.87533538933 & 5.90868430118 & 7.46026180947 & 1.81404269643 & 1.59660992201 & 5.02662834367 & 4.87281649378 & 1.06737642201 & 6.79453941399 & 1.21411056016 & 1.38360718617 \
A8 & 6.23727266137 & 7.8556500689 & 7.89374312643 & 2.43052743901 & 6.13383670073 & 8.04026695048 & 5.65057023055 & 4.81775095746 & 6.12324097323 & 1.04119924114 & 5.3340203532 & 1.80899877253 & 2.56202865358 & 2.599185673 & 5.58836116737 & 5.5858238567 & 5.45922408058 & 8.85636248578 & 4.68166350977 & 7.18647295675 \
A9 & 8.54824471631 & 1.12443010217 & 3.78744538734 & 3.63825487241 & 2.2112370157 & 1.29672094907 & 3.02535411847 & 7.52522415661 & 6.69929190261 & 3.02295119368 & 3.70637273588 & 3.79242851164 & 7.7134578997 & 8.28970843264 & 2.77482466987 & 4.72212072355 & 1.77526300571 & 7.25656213996 & 8.80642178684 & 8.95535398329 \
A10 & 7.6012010729 & 2.3643681931 & 7.65710862406 & 4.527134327 & 7.52077548197 & 6.54337705927 & 4.56085865266 & 2.34697315871 & 2.4650020795 & 8.50138482147 & 1.72122922642 & 1.09083940848 & 5.81391742352 & 8.80606434723 & 7.40136134755 & 1.71396665438 & 8.04747401879 & 5.69065973351 & 1.80273602623 & 5.43978519513 \
A11 & 8.08871649607 & 5.24394787354 & 3.00135494792 & 4.96738784047 & 3.32400729289 & 6.76066261865 & 2.54796744372 & 2.89268663014 & 5.88139709713 & 4.89459095335 & 6.35647997104 & 8.10871212567 & 3.55670754292 & 3.69700777203 & 8.55849424399 & 5.49625460014 & 3.59615592255 & 6.38312949205 & 6.24584622322 & 7.51799933515 \
A12 & 8.98190539208 & 8.18110851658 & 5.47447364457 & 3.71430835334 & 3.77153314305 & 7.10063075763 & 4.52625268078 & 1.73871240469 & 1.05733959816 & 6.6846067426 & 1.04805314812 & 1.85543104049 & 2.07801146081 & 8.01637140575 & 8.81218295501 & 5.26068282755 & 1.13587919779 & 7.54543304748 & 6.35400955515 & 1.53599989662 \
A13 & 4.21881341285 & 7.3335341222 & 8.58986491332 & 7.54301940068 & 2.63859628186 & 3.71497429429 & 4.76167036257 & 6.5338034527 & 2.20080469598 & 7.1909920227 & 1.97409464764 & 8.71873780244 & 5.39543551168 & 8.05793233036 & 6.26278265137 & 2.88355308395 & 8.21469809644 & 4.56664874622 & 1.27432612787 & 2.5843600303 \
A14 & 8.89839556888 & 6.65230071836 & 3.50355716861 & 3.68059457071 & 1.06669413891 & 2.68467349679 & 4.00158123626 & 6.89848716594 & 8.89210947548 & 4.47655798324 & 7.06441648018 & 8.27151393763 & 2.62472898029 & 3.97673235372 & 7.36689112107 & 4.2091841039 & 3.87044236193 & 7.744668977 & 1.22116799494 & 7.2046173474 \
A15 & 3.47057956236 & 7.686436285 & 6.81777374274 & 7.45513053669 & 2.01591302086 & 2.68893343768 & 5.07230479355 & 6.60677504067 & 1.83128784631 & 7.67043170755 & 1.79792866881 & 2.85507317337 & 8.97954288319 & 2.33453307091 & 8.18654910206 & 1.03028766887 & 1.11434703813 & 8.12957406126 & 7.57550579755 & 2.05673108336 \
A16 & 2.30255560748 & 2.76781013026 & 4.76723466054 & 4.16040635247 & 2.89812575961 & 1.3964931136 & 4.089938652 & 3.97013090226 & 7.26454671894 & 3.26495230438 & 8.78957363337 & 8.73344878594 & 6.94559925045 & 7.27620476448 & 5.53957485655 & 8.77213810315 & 1.12098787302 & 5.51735902046 & 8.39947168225 & 6.04373047359 \
A17 & 8.51396929704 & 7.17744934085 & 6.41758269899 & 1.88279939989 & 5.11642950454 & 1.78248583393 & 2.53657924766 & 7.88860997446 & 1.58507404595 & 6.04701236114 & 4.4638959417 & 6.09340139469 & 1.29805730719 & 4.30457498679 & 8.25537085205 & 5.29431202618 & 5.94243495723 & 7.67375725692 & 4.40326622383 & 3.34389314255 \
A18 & 1.82429446227 & 1.48913779294 & 4.86222733373 & 5.7908911349 & 1.59863911913 & 2.37862833929 & 8.24873814983 & 5.07360317956 & 4.63951249678 & 7.65784985514 & 7.04141003518 & 1.83079295395 & 4.81441912547 & 8.13258973308 & 5.86037666959 & 2.05170560033 & 6.85136530069 & 5.71813239744 & 7.92840953006 & 7.09550576511 \
A19 & 4.5892836532 & 2.79117874776 & 2.81393136093 & 8.07521312841 & 2.82008796885 & 3.69535793329 & 6.45744344155 & 1.00783686781 & 6.92351156313 & 8.93190624843 & 3.28374699394 & 3.4685549661 & 4.86540947362 & 2.39356828719 & 2.45617904465 & 2.6134851269 & 4.88361418627 & 1.7660467238 & 6.992631276 & 7.46141045599 \
A20 & 5.98609767523 & 7.98544178602 & 7.9963198858 & 3.30274754556 & 1.94409436994 & 6.51536215549 & 1.03729110221 & 4.36819231017 & 5.89429451833 & 4.13419504991 & 7.34620741828 & 4.02307506794 & 3.00218266715 & 6.7160726402 & 6.10437958185 & 1.20356586019 & 5.95596328462 & 7.3270303222 & 5.99017397247 & 8.89160971692 \

MATRIZ DE COVARIANCIA
[5.72, 0.43, -1.03, -2.36, -0.36, 0.36, -2.63, -0.29, 0.97, -0.65, -1.19, 0.86, -1.62, -0.34, 0.59, 0.55, -0.42, 1.94, -2.25, 1.42]
[0.43, 5.71, 2.33, 0.16, 0.35, 1.82, -0.33, 1.18, -1.67, -0.26, -0.95, -0.48, -2.52, -1.07, 1.08, -0.43, 0.28, 1.95, -2.21, -2.18]
[-1.03, 2.33, 5.63, 0.77, 0.95, 0.79, -0.1, -0.19, -2.08, 1.28, -2.18, -2.36, 0.18, 2.08, 1.55, -0.84, 3.12, 0.35, -0.6, 0.02]
[-2.36, 0.16, 0.77, 3.8, -1.12, 0.12, 1.18, 0.56, 0.12, 2.85, -1.66, -0.32, 1.17, 0.46, -0.3, -0.99, 0.72, -1.21, -0.1, -0.61]
[-0.36, 0.35, 0.95, -1.12, 4.06, 2.6, 1.42, -0.62, -2.33, -1.02, -0.16, -2.23, -0.2, -0.18, -0.06, 0.83, 1.02, -0.79, -0.01, -1.35]
[0.36, 1.82, 0.79, 0.12, 2.6, 6.74, 1.02, -0.39, -0.1, -0.64, -0.02, -1.94, -0.56, -0.68, 0.66, 1.9, 0.87, -0.84, -0.34, -0.67]
[-2.63, -0.33, -0.1, 1.18, 1.42, 1.02, 4.07, -0.15, -0.77, -0.04, -0.08, -2.85, 1.22, 0.31, -1.53, 0.39, 1.0, -1.73, 1.29, -0.86]
[-0.29, 1.18, -0.19, 0.56, -0.62, -0.39, -0.15, 5.77, 0.78, -1.47, 0.71, 1.39, 0.25, 0.37, -0.41, 0.73, -0.09, 1.85, -0.95, -0.5]
[0.97, -1.67, -2.08, 0.12, -2.33, -0.1, -0.77, 0.78, 5.64, -1.5, 2.49, 2.15, 0.32, -0.77, -1.84, 1.82, -0.58, 0.16, -0.07, 4.23]
[-0.65, -0.26, 1.28, 2.85, -1.02, -0.64, -0.04, -1.47, -1.5, 5.89, -2.74, -0.67, -0.32, -0.04, 1.05, -2.11, 1.12, -1.21, -1.71, -1.68]
[-1.19, -0.95, -2.18, -1.66, -0.16, -0.02, -0.08, 0.71, 2.49, -2.74, 4.92, 2.23, -0.72, -1.31, -1.0, 1.53, -0.95, -0.0, 0.82, 1.67]
[0.86, -0.48, -2.36, -0.32, -2.23, -1.94, -2.85, 1.39, 2.15, -0.67, 2.23, 7.16, -0.58, -1.44, 1.19, 1.59, -1.55, -0.02, -1.83, -0.41]
[-1.62, -2.52, 0.18, 1.17, -0.2, -0.56, 1.22, 0.25, 0.32, -0.32, -0.72, -0.58, 4.87, 1.04, -0.58, 0.69, -0.42, -1.64, 2.97, 0.66]
[-0.34, -1.07, 2.08, 0.46, -0.18, -0.68, 0.31, 0.37, -0.77, -0.04, -1.31, -1.44, 1.04, 5.85, 0.2, -0.13, 2.05, -0.03, 0.71, 1.02]
[0.59, 1.08, 1.55, -0.3, -0.06, 0.66, -1.53, -0.41, -1.84, 1.05, -1.0, 1.19, -0.58, 0.2, 4.85, 0.04, -0.01, 0.44, -0.04, -2.06]
[0.55, -0.43, -0.84, -0.99, 0.83, 1.9, 0.39, 0.73, 1.82, -2.11, 1.53, 1.59, 0.69, -0.13, 0.04, 5.1, -1.24, -0.79, 1.49, 0.23]
[-0.42, 0.28, 3.12, 0.72, 1.02, 0.87, 1.0, -0.09, -0.58, 1.12, -0.95, -1.55, -0.42, 2.05, -0.01, -1.24, 5.26, -1.02, -1.81, 1.62]
[1.94, 1.95, 0.35, -1.21, -0.79, -0.84, -1.73, 1.85, 0.16, -1.21, -0.0, -0.02, -1.64, -0.03, 0.44, -0.79, -1.02, 3.85, -1.65, 0.43]
[-2.25, -2.21, -0.6, -0.1, -0.01, -0.34, 1.29, -0.95, -0.07, -1.71, 0.82, -1.83, 2.97, 0.71, -0.04, 1.49, -1.81, -1.65, 6.57, 0.97]
[1.42, -2.18, 0.02, -0.61, -1.35, -0.67, -0.86, -0.5, 4.23, -1.68, 1.67, -0.41, 0.66, 1.02, -2.06, 0.23, 1.62, 0.43, 0.97, 6.51]
MEDIA 1.24493077638

DPs
[2.39, 2.39, 2.37, 1.95, 2.02, 2.6, 2.02, 2.4, 2.37, 2.43, 2.22, 2.68, 2.21, 2.42, 2.2, 2.26, 2.29, 1.96, 2.56, 2.55]

PEARSON
[[ 1.    0.08 -0.18 -0.51 -0.07  0.06 -0.54 -0.05  0.17 -0.11 -0.22  0.13
  -0.31 -0.06  0.11  0.1  -0.08  0.41 -0.37  0.23]
 [ 0.08  1.    0.41  0.03  0.07  0.29 -0.07  0.21 -0.29 -0.05 -0.18 -0.07
  -0.48 -0.19  0.21 -0.08  0.05  0.42 -0.36 -0.36]
 [-0.18  0.41  1.    0.17  0.2   0.13 -0.02 -0.03 -0.37  0.22 -0.41 -0.37
   0.03  0.36  0.3  -0.16  0.57  0.07 -0.1   0.  ]
 [-0.51  0.03  0.17  1.   -0.29  0.02  0.3   0.12  0.03  0.6  -0.38 -0.06
   0.27  0.1  -0.07 -0.22  0.16 -0.32 -0.02 -0.12]
 [-0.07  0.07  0.2  -0.29  1.    0.5   0.35 -0.13 -0.49 -0.21 -0.03 -0.41
  -0.04 -0.04 -0.01  0.18  0.22 -0.2  -0.   -0.26]
 [ 0.06  0.29  0.13  0.02  0.5   1.    0.2  -0.06 -0.02 -0.1  -0.   -0.28
  -0.1  -0.11  0.12  0.32  0.15 -0.16 -0.05 -0.1 ]
 [-0.54 -0.07 -0.02  0.3   0.35  0.2   1.   -0.03 -0.16 -0.01 -0.02 -0.53
   0.27  0.06 -0.34  0.09  0.22 -0.44  0.25 -0.17]
 [-0.05  0.21 -0.03  0.12 -0.13 -0.06 -0.03  1.    0.14 -0.25  0.13  0.22
   0.05  0.06 -0.08  0.14 -0.02  0.39 -0.15 -0.08]
 [ 0.17 -0.29 -0.37  0.03 -0.49 -0.02 -0.16  0.14  1.   -0.26  0.47  0.34
   0.06 -0.13 -0.35  0.34 -0.11  0.03 -0.01  0.7 ]
 [-0.11 -0.05  0.22  0.6  -0.21 -0.1  -0.01 -0.25 -0.26  1.   -0.51 -0.1
  -0.06 -0.01  0.2  -0.39  0.2  -0.25 -0.28 -0.27]
 [-0.22 -0.18 -0.41 -0.38 -0.03 -0.   -0.02  0.13  0.47 -0.51  1.    0.38
  -0.15 -0.24 -0.2   0.31 -0.19 -0.    0.14  0.29]
 [ 0.13 -0.07 -0.37 -0.06 -0.41 -0.28 -0.53  0.22  0.34 -0.1   0.38  1.
  -0.1  -0.22  0.2   0.26 -0.25 -0.   -0.27 -0.06]
 [-0.31 -0.48  0.03  0.27 -0.04 -0.1   0.27  0.05  0.06 -0.06 -0.15 -0.1
   1.    0.2  -0.12  0.14 -0.08 -0.38  0.52  0.12]
 [-0.06 -0.19  0.36  0.1  -0.04 -0.11  0.06  0.06 -0.13 -0.01 -0.24 -0.22
   0.2   1.    0.04 -0.02  0.37 -0.01  0.11  0.17]
 [ 0.11  0.21  0.3  -0.07 -0.01  0.12 -0.34 -0.08 -0.35  0.2  -0.2   0.2
  -0.12  0.04  1.    0.01 -0.    0.1  -0.01 -0.37]
 [ 0.1  -0.08 -0.16 -0.22  0.18  0.32  0.09  0.14  0.34 -0.39  0.31  0.26
   0.14 -0.02  0.01  1.   -0.24 -0.18  0.26  0.04]
 [-0.08  0.05  0.57  0.16  0.22  0.15  0.22 -0.02 -0.11  0.2  -0.19 -0.25
  -0.08  0.37 -0.   -0.24  1.   -0.23 -0.31  0.28]
 [ 0.41  0.42  0.07 -0.32 -0.2  -0.16 -0.44  0.39  0.03 -0.25 -0.   -0.
  -0.38 -0.01  0.1  -0.18 -0.23  1.   -0.33  0.09]
 [-0.37 -0.36 -0.1  -0.02 -0.   -0.05  0.25 -0.15 -0.01 -0.28  0.14 -0.27
   0.52  0.11 -0.01  0.26 -0.31 -0.33  1.    0.15]
 [ 0.23 -0.36  0.   -0.12 -0.26 -0.1  -0.17 -0.08  0.7  -0.27  0.29 -0.06
   0.12  0.17 -0.37  0.04  0.28  0.09  0.15  1.  ]]

AUTOVALORES [18.67, 15.24, 11.47, 10.67, 7.75, 7.58, 6.66, 5.18, 4.68, 2.88] SOMA 0.907994571277

SOMA DOIS PRIMEIROS 0.34
