
TESTE 0

NOTAS
A1 & 8.5389209914 & 8.68410683599 & 8.25610019856 & 4.90888524201 & 2.01450089973 & 3.30095514414 & 4.0841096558 & 2.926153761 \
A2 & 1.24797486531 & 2.06023246786 & 6.32008909687 & 5.04917535192 & 1.61389180736 & 4.17012434254 & 2.81536053255 & 3.98921776869 \
A3 & 6.91955781098 & 4.51070179974 & 6.79906983251 & 3.10518109154 & 1.6735431376 & 1.4301219184 & 3.44253818531 & 7.19510125683 \
A4 & 7.16784901863 & 6.94706541952 & 6.5583127864 & 7.47929155786 & 2.45724100218 & 4.83680374574 & 7.31875948513 & 4.16223619304 \
A5 & 2.17484547444 & 4.45468714195 & 2.75389847337 & 7.67102969483 & 8.98279513517 & 2.89383158121 & 2.90137590528 & 8.46466259453 \
A6 & 5.35311360618 & 1.85821085489 & 5.17585811036 & 2.92518249672 & 1.37405680704 & 3.11721253215 & 6.98220469396 & 7.84041492433 \
A7 & 2.44232297595 & 8.76151722406 & 6.95062350459 & 6.75329701664 & 4.2112047857 & 2.22939460947 & 4.41170913308 & 4.83265218468 \
A8 & 5.86367737371 & 6.94214333454 & 7.96203467929 & 8.54040778607 & 2.49040739325 & 2.38888648265 & 4.68445699257 & 8.86911019619 \
A9 & 7.67532883795 & 4.36067186994 & 3.90636558811 & 5.87219220829 & 7.23297153296 & 1.63338213118 & 1.35964116867 & 2.25272182775 \
A10 & 7.9883165059 & 6.82041332562 & 6.69867340288 & 1.85673920064 & 3.25469554553 & 5.66033913594 & 3.87178522501 & 1.59845374991 \
A11 & 7.17792886893 & 6.05072964225 & 3.47456429274 & 5.92036638916 & 5.29735168404 & 5.58083574032 & 7.23391590595 & 1.42373007031 \
A12 & 6.53982545526 & 2.16277424522 & 3.57671922564 & 1.60196394355 & 1.75917201874 & 8.12914680269 & 5.83379853786 & 5.10709957614 \
A13 & 2.15476390549 & 5.49763638204 & 1.82464655439 & 8.66860177913 & 5.9434014352 & 4.91477075832 & 2.1153284404 & 8.56303289902 \
A14 & 2.98350744781 & 3.02182449072 & 6.04803447308 & 2.79213303723 & 6.96713882271 & 7.29077287694 & 5.33999746294 & 3.89148740058 \
A15 & 1.56532245079 & 3.85135634046 & 4.79449624354 & 4.85058965082 & 2.75920320036 & 8.9701019473 & 8.72594012707 & 4.71493030074 \
A16 & 8.26265687133 & 5.12874507141 & 7.70401066906 & 5.61388727733 & 7.58911821184 & 3.26348768541 & 1.10246733941 & 2.41862389577 \
A17 & 3.94526851543 & 8.88812236083 & 3.82181346734 & 1.71999898894 & 4.57587348139 & 1.20668575809 & 6.71588343051 & 5.03515774316 \
A18 & 5.6798745707 & 2.58107376962 & 3.11871209347 & 1.46313591946 & 4.98234148471 & 2.67571890467 & 1.97639130573 & 2.56371575454 \
A19 & 7.06653368083 & 1.27558166359 & 5.49626536496 & 7.38583300749 & 3.80763578269 & 5.33625140521 & 3.27921527665 & 6.17074159624 \
A20 & 7.85204950878 & 4.75402654435 & 8.41089535364 & 7.95446777693 & 8.85675182964 & 5.9103341567 & 3.88122639467 & 8.46172248363 \

MATRIZ DE COVARIANCIA
[5.92, 0.74, 1.85, -0.44, -0.12, -0.62, -0.78, -1.81]
[0.74, 5.38, 1.26, 1.05, 0.12, -1.84, 0.68, -0.75]
[1.85, 1.26, 3.74, 0.67, -0.92, -0.3, -0.08, -0.09]
[-0.44, 1.05, 0.67, 5.8, 1.95, -0.29, -0.95, 2.54]
[-0.12, 0.12, -0.92, 1.95, 5.9, -0.23, -2.19, 0.21]
[-0.62, -1.84, -0.3, -0.29, -0.23, 4.71, 1.98, -0.52]
[-0.78, 0.68, -0.08, -0.95, -2.19, 1.98, 4.46, 0.1]
[-1.81, -0.75, -0.09, 2.54, 0.21, -0.52, 0.1, 5.89]

DPs
[2.43, 2.32, 1.93, 2.41, 2.43, 2.17, 2.11, 2.43]

PEARSON
[[ 1.    0.13  0.39 -0.07 -0.02 -0.12 -0.15 -0.31]
 [ 0.13  1.    0.28  0.19  0.02 -0.37  0.14 -0.13]
 [ 0.39  0.28  1.    0.14 -0.2  -0.07 -0.02 -0.02]
 [-0.07  0.19  0.14  1.    0.33 -0.05 -0.19  0.43]
 [-0.02  0.02 -0.2   0.33  1.   -0.04 -0.43  0.04]
 [-0.12 -0.37 -0.07 -0.05 -0.04  1.    0.43 -0.1 ]
 [-0.15  0.14 -0.02 -0.19 -0.43  0.43  1.    0.02]
 [-0.31 -0.13 -0.02  0.43  0.04 -0.1   0.02  1.  ]]

AUTOVALORES [24.32, 21.98, 16.7, 12.25, 11.69, 5.98, 4.8, 2.28] SOMA 1.0

SOMA DOIS PRIMEIROS 0.46
