
TESTE 0

NOTAS
A1 & 6.66849924239 & 5.67045413965 & 7.83987190589 & 4.9417428983 & 7.2511182214 & 7.52520110343 & 8.95492812932 & 1.13349724264 \
A2 & 7.61184592969 & 3.27638386263 & 6.08435015326 & 4.88927581809 & 8.27651456876 & 8.80671417811 & 2.35698682118 & 8.47079604868 \
A3 & 4.8261225719 & 6.26666775151 & 1.67906935209 & 1.2659291531 & 7.33047934482 & 2.68286511168 & 8.09442283694 & 2.52672499273 \
A4 & 1.52891004452 & 3.3915821323 & 4.27912397836 & 3.19656656196 & 7.11939239982 & 2.11788170791 & 4.90125744574 & 2.05132322936 \
A5 & 4.07449294805 & 7.58030696745 & 4.74647015033 & 7.94513937772 & 8.81217150826 & 6.75136117723 & 8.71415878974 & 3.91245223748 \
A6 & 6.91654277129 & 1.997340511 & 1.02634059609 & 5.29899543001 & 6.40017413043 & 2.46390026276 & 4.98028092619 & 1.75043948915 \
A7 & 7.94974858211 & 6.36531054657 & 3.10926559306 & 7.02616857043 & 6.87431303845 & 7.0941530202 & 6.62884908389 & 3.93774171189 \
A8 & 3.7097736317 & 7.51857689004 & 2.65239275637 & 8.92772406059 & 5.56580389389 & 4.93633046578 & 8.22098263139 & 7.71494815846 \
A9 & 5.37893255203 & 7.89585260016 & 2.42169860793 & 8.80225873544 & 3.64108024054 & 3.6292273941 & 6.3935515961 & 7.04893294175 \
A10 & 8.41309476529 & 2.30748178968 & 7.92081153992 & 7.15208837061 & 3.38833521116 & 7.37932207313 & 3.48069529494 & 1.96524157162 \
A11 & 7.10332729792 & 3.66606195531 & 7.41473021737 & 8.8809120996 & 2.64593599883 & 2.2989803686 & 6.14470465034 & 6.76892659867 \
A12 & 7.17827317487 & 3.326462228 & 7.76619523591 & 5.55458348314 & 7.72433117002 & 2.10283180812 & 6.24016924654 & 5.93500595072 \
A13 & 7.09465691571 & 7.70782980775 & 7.61952730141 & 7.89869620572 & 1.39339726162 & 5.79413651758 & 7.05675476944 & 6.65989021406 \
A14 & 1.84974744006 & 2.91556963313 & 8.17776570166 & 3.27754286041 & 7.7189352791 & 4.66994224345 & 3.3184246167 & 8.72270161554 \
A15 & 2.398791612 & 7.32772815137 & 8.22215046115 & 8.05147538 & 1.48489641904 & 2.66415279448 & 4.23455896376 & 1.72111154658 \
A16 & 1.5053989349 & 1.11848883459 & 6.56222264112 & 8.23780645265 & 3.61739615054 & 1.23451135735 & 2.97069758979 & 1.16222978537 \
A17 & 4.27265383177 & 6.91939476115 & 2.25790216203 & 2.36697838598 & 8.41690054937 & 1.80078872639 & 5.71474943405 & 8.402092482 \
A18 & 8.96436885828 & 2.97104456606 & 2.10955717217 & 8.33170234447 & 4.85214284457 & 3.91853002667 & 6.69439406216 & 7.2585720858 \
A19 & 8.47605566488 & 4.37086534924 & 3.28962993903 & 8.56780871991 & 5.16264591307 & 4.11489231919 & 7.84091715385 & 7.84742943235 \
A20 & 4.19093675408 & 3.8721276873 & 4.68641003978 & 3.61766410917 & 3.2158493436 & 6.96534951477 & 3.70346242678 & 8.63951131567 \
A21 & 1.65840680875 & 5.73461540466 & 7.65507088003 & 6.62321595083 & 6.05873121157 & 1.36485514086 & 6.53084255895 & 2.3926719948 \
A22 & 5.03213753579 & 2.06471310153 & 5.69463312299 & 7.90654955095 & 2.20689331777 & 2.14528390485 & 4.61418875168 & 7.06687107025 \
A23 & 6.27779404849 & 5.79758331971 & 5.17950747943 & 8.98787338181 & 1.74406858177 & 1.97676171662 & 1.68777914296 & 8.69837830211 \
A24 & 4.78157045803 & 2.01247371745 & 7.58491229111 & 6.64793702796 & 5.7049082935 & 7.4570833057 & 5.93399688045 & 4.57716405586 \
A25 & 7.67586260629 & 8.21878302944 & 7.46183405989 & 3.03345973305 & 1.8573539129 & 2.56037835167 & 1.25937041229 & 3.62776864593 \
A26 & 4.85963122511 & 3.8963625057 & 3.83510584922 & 2.79605866902 & 4.2819902118 & 4.56977971445 & 1.01369332504 & 1.58512531418 \
A27 & 7.31388006159 & 1.33166926598 & 1.40844381336 & 2.82764126862 & 3.73313114545 & 4.55625225837 & 3.10122820829 & 3.76274231163 \
A28 & 2.40125956146 & 3.78009405465 & 3.11676032396 & 1.3603928531 & 2.877056445 & 4.71561658105 & 7.61927139115 & 6.75032950676 \
A29 & 3.2941021924 & 5.33655037585 & 7.29384834035 & 8.10102593083 & 4.86448180471 & 6.3317182574 & 6.50702997791 & 7.72420097574 \
A30 & 1.07068067682 & 1.18772113099 & 4.53719521079 & 4.79202156266 & 1.25974936621 & 3.98179459666 & 1.62696007858 & 8.37359554596 \
A31 & 8.84715420262 & 6.41984966004 & 7.5629269922 & 7.30417673359 & 5.16284517777 & 6.75679726984 & 7.70691878377 & 7.86466701177 \
A32 & 5.42216862223 & 4.35327735926 & 4.22017339943 & 3.80965397441 & 4.93973524031 & 8.07668972308 & 2.27769372721 & 7.39491709559 \
A33 & 8.80283758128 & 5.03862564356 & 3.56176510534 & 3.81800417229 & 4.24380706103 & 5.2719954681 & 4.82995391614 & 5.40164707867 \
A34 & 6.48148007395 & 5.1015536219 & 4.89298580389 & 2.74020965421 & 3.89066787978 & 2.25725299328 & 1.2032561805 & 8.15186164103 \
A35 & 6.63336615549 & 4.87813375775 & 3.58162101159 & 7.95440462855 & 6.27064177853 & 5.85116240712 & 6.68608168738 & 3.24882598978 \
A36 & 7.34092073596 & 2.81077557148 & 3.63878824306 & 3.07434347456 & 8.2016092888 & 6.72352603139 & 7.0373079185 & 8.94006913886 \
A37 & 2.3667324445 & 2.44205377537 & 2.61013129233 & 8.65066195443 & 2.29511468524 & 2.89673677895 & 4.88746495238 & 7.12990137071 \
A38 & 8.60513101534 & 2.1561968984 & 4.43273799129 & 8.17162447226 & 1.78787076921 & 5.16377424553 & 6.54461522603 & 5.79771873923 \
A39 & 7.81055063829 & 3.10654260397 & 2.61495245392 & 7.5501314478 & 4.71508867135 & 4.43338252594 & 4.71167674779 & 8.03348643178 \
A40 & 7.80939270653 & 1.31379708382 & 7.53164440515 & 4.21626284 & 1.22908219852 & 2.00466036314 & 1.27250212506 & 8.93812679945 \
A41 & 1.94007341824 & 3.12522033027 & 6.82573252642 & 2.54957308212 & 4.64433456285 & 4.74545954803 & 1.00656425847 & 1.29791543428 \
A42 & 2.66840735914 & 5.90123727151 & 6.1599293945 & 4.40579997105 & 6.2176808673 & 3.83944431116 & 3.45225587095 & 8.73126055391 \
A43 & 5.37459301883 & 7.07229153678 & 8.90588300685 & 5.40311527811 & 6.06266858945 & 1.94975404225 & 4.18523429425 & 7.58889495837 \
A44 & 5.52304261661 & 8.30557257026 & 6.31379756039 & 3.88995433256 & 7.0778398779 & 2.36640574323 & 2.83233361431 & 3.62247665938 \
A45 & 4.24815454685 & 7.63582298085 & 1.11328782898 & 6.01871278605 & 1.04705335285 & 3.34059865416 & 2.06170456296 & 8.80994272861 \
A46 & 3.70169190104 & 5.66135161882 & 8.3422522599 & 8.2521551403 & 7.01539877802 & 2.23532143554 & 1.33336982167 & 4.93699883187 \
A47 & 1.81786112793 & 4.91108748852 & 2.34301981041 & 6.45079291752 & 7.3948174316 & 1.55807088513 & 4.74171877017 & 2.60979807321 \
A48 & 5.54644961544 & 2.04366183448 & 4.58242818312 & 4.4814007028 & 1.76293719539 & 1.77316988785 & 8.61924562446 & 5.17366580715 \
A49 & 6.59320729657 & 2.75143198815 & 1.14937205975 & 7.50160972967 & 5.23330863998 & 6.21538593842 & 3.8868005676 & 8.05702229931 \
A50 & 1.25986009402 & 1.32035726043 & 3.40220800679 & 2.17230738169 & 4.54938007994 & 3.56365744429 & 4.48007122276 & 3.78599949763 \

MATRIZ DE COVARIANCIA
[5.73, 0.13, -0.33, 1.0, -0.26, 1.55, 0.91, 1.19]
[0.13, 4.62, 0.54, 0.62, 0.81, -0.15, 0.82, 0.11]
[-0.33, 0.54, 5.41, 0.58, -0.18, 0.02, -0.82, -0.58]
[1.0, 0.62, 0.58, 5.53, -0.98, 0.12, 1.43, 0.64]
[-0.26, 0.81, -0.18, -0.98, 5.0, 0.91, 1.42, -0.91]
[1.55, -0.15, 0.02, 0.12, 0.91, 4.25, 0.95, 0.64]
[0.91, 0.82, -0.82, 1.43, 1.42, 0.95, 5.41, -0.33]
[1.19, 0.11, -0.58, 0.64, -0.91, 0.64, -0.33, 6.77]
MEDIA 1.25874507047

DPs
[2.39, 2.15, 2.33, 2.35, 2.24, 2.06, 2.33, 2.6]

PEARSON
[[ 1.    0.03 -0.06  0.18 -0.05  0.31  0.16  0.19]
 [ 0.03  1.    0.11  0.12  0.17 -0.03  0.16  0.02]
 [-0.06  0.11  1.    0.11 -0.03  0.   -0.15 -0.1 ]
 [ 0.18  0.12  0.11  1.   -0.19  0.02  0.26  0.1 ]
 [-0.05  0.17 -0.03 -0.19  1.    0.2   0.27 -0.16]
 [ 0.31 -0.03  0.    0.02  0.2   1.    0.2   0.12]
 [ 0.16  0.16 -0.15  0.26  0.27  0.2   1.   -0.05]
 [ 0.19  0.02 -0.1   0.1  -0.16  0.12 -0.05  1.  ]]

AUTOVALORES [21.31, 18.4, 15.2, 12.28, 11.87, 8.86, 5.93, 6.15] SOMA 1.0

SOMA DOIS PRIMEIROS 0.4
