
TESTE 0

NOTAS
A1 & 3.1824492717 & 2.58318008138 & 4.04058146304 & 3.37553982354 & 4.32135280094 & 1.8867046612 & 1.61016479519 & 5.42296609202 \
A2 & 5.92892995761 & 1.4482878738 & 6.88925435554 & 2.80635418988 & 6.56434084751 & 3.055771678 & 8.3314005052 & 1.65452012901 \
A3 & 3.72775623869 & 5.74585093233 & 6.12748813498 & 2.56579993469 & 1.02888682015 & 4.90820311082 & 2.95883979261 & 8.75653772537 \
A4 & 8.79441859301 & 3.63028029399 & 4.39254279686 & 6.92525463246 & 3.09097479854 & 8.36430854931 & 6.33791667999 & 7.94680401855 \
A5 & 3.7127201205 & 3.39303315809 & 5.76959933212 & 4.76255582657 & 8.90769930652 & 8.97823066741 & 7.53250137829 & 8.23403276671 \
A6 & 6.12668231109 & 4.52776338213 & 3.78908506978 & 2.19023601626 & 3.34109394959 & 8.4409344801 & 1.98505996596 & 4.15700227743 \
A7 & 6.18535532321 & 2.17074739704 & 7.05203493747 & 5.99339303134 & 6.92993010916 & 5.47945959986 & 6.91405584727 & 8.36531035091 \
A8 & 3.32585227701 & 7.19232514602 & 7.05895118624 & 3.41688172912 & 1.84240972397 & 2.33214235167 & 6.32410289492 & 1.06476131105 \
A9 & 3.0944017606 & 1.7078692184 & 1.75255894121 & 8.61191156211 & 2.43789455746 & 5.34975916371 & 5.83271717306 & 2.34832638695 \
A10 & 1.10181472259 & 4.61840670328 & 1.35263413457 & 2.42483112998 & 6.10233699992 & 3.19813699178 & 1.326020137 & 5.50849027619 \
A11 & 2.41337651393 & 1.31159033183 & 2.1151994914 & 4.8685306324 & 7.77999110292 & 1.53019367092 & 8.52521315391 & 8.78592245849 \
A12 & 8.52201300017 & 2.2606613059 & 6.41241240326 & 7.82220928704 & 3.51069062143 & 3.6442733891 & 6.80894454228 & 4.72020123173 \
A13 & 2.85671583031 & 6.08028564077 & 8.93120728123 & 8.85014671444 & 7.52737966668 & 7.68536734746 & 5.33598603558 & 5.39413650191 \
A14 & 3.16603587683 & 6.82319989537 & 3.2921208429 & 2.87152462971 & 5.09499015832 & 7.54300953791 & 8.0603164005 & 1.40541488453 \
A15 & 6.64495100551 & 3.17095510242 & 8.90689963156 & 3.27390210198 & 5.59763969954 & 2.3834569883 & 3.48760977611 & 5.64530670956 \

MATRIZ DE COVARIANCIA
[4.89, -1.28, 2.1, 1.12, -1.04, 1.08, 0.94, 0.59]
[-1.28, 3.6, 0.78, -1.15, -1.31, 1.51, -1.0, -1.33]
[2.1, 0.78, 5.59, 0.69, 0.62, 0.07, 0.72, 0.19]
[1.12, -1.15, 0.69, 5.15, 0.39, 1.47, 1.98, 0.77]
[-1.04, -1.31, 0.62, 0.39, 5.23, 0.48, 1.93, 1.77]
[1.08, 1.51, 0.07, 1.47, 0.48, 6.51, 0.72, 0.84]
[0.94, -1.0, 0.72, 1.98, 1.93, 0.72, 5.89, -0.62]
[0.59, -1.33, 0.19, 0.77, 1.77, 0.84, -0.62, 7.07]
MEDIA 1.57646835042

DPs
[2.21, 1.9, 2.36, 2.27, 2.29, 2.55, 2.43, 2.66]

PEARSON
[[ 1.   -0.3   0.4   0.22 -0.21  0.19  0.18  0.1 ]
 [-0.3   1.    0.17 -0.27 -0.3   0.31 -0.22 -0.26]
 [ 0.4   0.17  1.    0.13  0.11  0.01  0.12  0.03]
 [ 0.22 -0.27  0.13  1.    0.08  0.25  0.36  0.13]
 [-0.21 -0.3   0.11  0.08  1.    0.08  0.35  0.29]
 [ 0.19  0.31  0.01  0.25  0.08  1.    0.12  0.12]
 [ 0.18 -0.22  0.12  0.36  0.35  0.12  1.   -0.1 ]
 [ 0.1  -0.26  0.03  0.13  0.29  0.12 -0.1   1.  ]]

AUTOVALORES [25.01, 18.21, 16.19, 14.84, 12.01, 7.47, 5.19, 1.08] SOMA 1.0

SOMA DOIS PRIMEIROS 0.43
