
TESTE 0

NOTAS
A1 & 7.14200983899 & 2.50588353069 & 2.65298032907 & 4.4693865095 & 1.01309726888 & 6.99206694161 & 4.1100157919 & 5.88360564681 & 4.46530939102 & 4.23457011397 & 4.9060791882 & 4.27119432256 & 6.99830830773 & 7.41791046031 & 2.56211957381 \
A2 & 7.55611864158 & 3.56350964905 & 4.88784440864 & 4.71742432642 & 7.63953911721 & 1.93844332577 & 1.30704098851 & 5.46642726275 & 3.93038205635 & 6.06859399279 & 7.55114943814 & 8.29165560025 & 7.56818471733 & 1.25013128442 & 6.32171202989 \
A3 & 5.74374716706 & 6.74137857579 & 2.49715663497 & 8.45483564525 & 8.45349819531 & 8.50002314189 & 4.07646311796 & 3.55347465141 & 1.71470666992 & 3.16413141732 & 8.60633520841 & 1.94157594217 & 7.40944530379 & 4.66542309428 & 7.81387844469 \
A4 & 4.4138635547 & 6.7588869288 & 6.27992622995 & 8.88924918141 & 5.12669359166 & 2.88702604481 & 3.52234343497 & 4.80098213815 & 1.09024024154 & 2.22355415175 & 8.89263251993 & 3.53524901561 & 3.91305787761 & 8.37908660727 & 4.81260194061 \
A5 & 4.79640917858 & 8.21042640934 & 7.43082538538 & 8.91587777377 & 3.9845822952 & 5.52926395874 & 3.18753323437 & 8.46248365586 & 3.07875909726 & 8.52787868086 & 4.258964447 & 7.40794360489 & 6.78388694979 & 1.22841232027 & 1.72297251827 \
A6 & 7.38657590582 & 7.82046022944 & 8.72710596445 & 2.99531307411 & 7.18312894275 & 6.12335300786 & 8.52177950105 & 5.22515451286 & 4.97447302182 & 2.85861429726 & 2.79617124759 & 6.52355064793 & 8.74972922971 & 3.84967460161 & 8.37526496732 \
A7 & 5.46059487228 & 4.56790604352 & 4.57409942239 & 5.89651516599 & 3.53353597436 & 2.04411906746 & 6.96635696509 & 1.77927191363 & 5.29731068959 & 7.70671967977 & 7.21576880789 & 8.99186686358 & 5.55928308845 & 8.52155098161 & 8.0545529975 \

MATRIZ DE COVARIANCIA
[1.42, -1.2, -0.27, -2.39, 0.48, 0.36, 0.29, 0.04, 1.09, -0.43, -1.04, 0.58, 1.33, -1.05, 0.78]
[-1.2, 4.15, 2.98, 2.03, 2.07, 1.24, 1.29, 1.04, -1.2, -0.49, -0.95, -0.7, 0.12, -1.77, 0.43]
[-0.27, 2.98, 4.69, -0.49, 0.9, -1.25, 1.68, 1.69, 0.39, 0.32, -2.54, 2.17, 0.31, -2.16, 0.03]
[-2.39, 2.03, -0.49, 5.02, 0.22, 0.31, -2.2, 0.52, -2.75, 0.54, 2.59, -2.12, -1.96, 0.29, -1.88]
[0.48, 2.07, 0.9, 0.22, 6.03, 0.33, -0.29, -0.81, -1.17, -1.86, 1.46, -0.82, 1.32, -3.46, 3.98]
[0.36, 1.24, -1.25, 0.31, 0.33, 5.74, 0.88, 1.05, -0.63, -1.99, -1.67, -3.87, 1.72, -0.81, -0.71]
[0.29, 1.29, 1.68, -2.2, -0.29, 0.88, 5.07, -1.8, 1.75, -0.88, -2.3, 0.74, 0.69, 2.41, 3.0]
[0.04, 1.04, 1.69, 0.52, -0.81, 1.05, -1.8, 3.65, -0.4, 0.86, -2.19, 0.18, 0.66, -3.5, -3.73]
[1.09, -1.2, 0.39, -2.75, -1.17, -0.63, 1.75, -0.4, 2.24, 1.42, -1.98, 2.58, 1.01, -0.09, 0.78]
[-0.43, -0.49, 0.32, 0.54, -1.86, -1.99, -0.88, 0.86, 1.42, 5.31, -0.89, 4.28, -0.01, -2.28, -1.68]
[-1.04, -0.95, -2.54, 2.59, 1.46, -1.67, -2.3, -2.19, -1.98, -0.89, 4.69, -1.77, -1.9, 2.12, 1.23]
[0.58, -0.7, 2.17, -2.12, -0.82, -3.87, 0.74, 0.18, 2.58, 4.28, -1.77, 5.98, 0.46, -2.15, 0.47]
[1.33, 0.12, 0.31, -1.96, 1.32, 1.72, 0.69, 0.66, 1.01, -0.01, -1.9, 0.46, 2.09, -2.7, 0.86]
[-1.05, -1.77, -2.16, 0.29, -3.46, -0.81, 2.41, -3.5, -0.09, -2.28, 2.12, -2.15, -2.7, 8.48, 0.94]
[0.78, 0.43, 0.03, -1.88, 3.98, -0.71, 3.0, -3.73, 0.78, -1.68, 1.23, 0.47, 0.86, 0.94, 6.29]
MEDIA 1.58140084219

DPs
[1.19, 2.04, 2.16, 2.24, 2.46, 2.4, 2.25, 1.91, 1.5, 2.3, 2.17, 2.44, 1.45, 2.91, 2.51]

PEARSON
[[ 1.   -0.5  -0.11 -0.9   0.16  0.13  0.11  0.02  0.61 -0.16 -0.4   0.2
   0.77 -0.3   0.26]
 [-0.5   1.    0.68  0.45  0.41  0.25  0.28  0.27 -0.39 -0.1  -0.22 -0.14
   0.04 -0.3   0.08]
 [-0.11  0.68  1.   -0.1   0.17 -0.24  0.35  0.41  0.12  0.06 -0.54  0.41
   0.1  -0.34  0.01]
 [-0.9   0.45 -0.1   1.    0.04  0.06 -0.44  0.12 -0.82  0.1   0.53 -0.39
  -0.6   0.04 -0.33]
 [ 0.16  0.41  0.17  0.04  1.    0.06 -0.05 -0.17 -0.32 -0.33  0.27 -0.14
   0.37 -0.48  0.65]
 [ 0.13  0.25 -0.24  0.06  0.06  1.    0.16  0.23 -0.18 -0.36 -0.32 -0.66
   0.5  -0.12 -0.12]
 [ 0.11  0.28  0.35 -0.44 -0.05  0.16  1.   -0.42  0.52 -0.17 -0.47  0.13
   0.21  0.37  0.53]
 [ 0.02  0.27  0.41  0.12 -0.17  0.23 -0.42  1.   -0.14  0.2  -0.53  0.04
   0.24 -0.63 -0.78]
 [ 0.61 -0.39  0.12 -0.82 -0.32 -0.18  0.52 -0.14  1.    0.41 -0.61  0.71
   0.47 -0.02  0.21]
 [-0.16 -0.1   0.06  0.1  -0.33 -0.36 -0.17  0.2   0.41  1.   -0.18  0.76
  -0.   -0.34 -0.29]
 [-0.4  -0.22 -0.54  0.53  0.27 -0.32 -0.47 -0.53 -0.61 -0.18  1.   -0.34
  -0.61  0.34  0.23]
 [ 0.2  -0.14  0.41 -0.39 -0.14 -0.66  0.13  0.04  0.71  0.76 -0.34  1.
   0.13 -0.3   0.08]
 [ 0.77  0.04  0.1  -0.6   0.37  0.5   0.21  0.24  0.47 -0.   -0.61  0.13
   1.   -0.64  0.24]
 [-0.3  -0.3  -0.34  0.04 -0.48 -0.12  0.37 -0.63 -0.02 -0.34  0.34 -0.3
  -0.64  1.    0.13]
 [ 0.26  0.08  0.01 -0.33  0.65 -0.12  0.53 -0.78  0.21 -0.29  0.23  0.08
   0.24  0.13  1.  ]]

AUTOVALORES [25.49, 21.48, 20.19, 15.39, 11.87, 5.58, 0.0] SOMA 1.0

SOMA DOIS PRIMEIROS 0.47
