
TESTE 0

NOTAS
A1 & 6.86907291537 & 8.06341933928 & 4.64345382865 & 2.07982819545 & 6.80818991735 & 6.15079392636 & 5.50052909516 & 6.83629500755 \
A2 & 6.04837692068 & 3.20658240527 & 3.29223648467 & 8.82233305884 & 4.0086085062 & 1.10969545847 & 3.9943675227 & 7.47591285515 \
A3 & 3.64807995475 & 2.23355887662 & 4.23388226135 & 3.57040172084 & 7.30027149924 & 3.37184350286 & 2.91852500566 & 6.8170809216 \
A4 & 2.96778187074 & 2.72119097326 & 3.79289392761 & 1.37751150523 & 5.38436099555 & 7.64981994628 & 5.00869640443 & 7.96018415999 \
A5 & 3.4972106391 & 5.33635250318 & 3.47653212666 & 5.16270307683 & 6.29558144097 & 6.60252562303 & 7.98271941301 & 6.69049933675 \
A6 & 8.69872762324 & 8.54947930178 & 8.77557668762 & 3.80026696336 & 4.14977488091 & 5.83707253787 & 5.45184450727 & 7.14463762464 \
A7 & 1.60436436894 & 5.69960318344 & 7.31924287002 & 2.89757076598 & 4.20867413873 & 7.03023562184 & 3.53925797867 & 8.62402826235 \

MATRIZ DE COVARIANCIA
[5.37, 3.24, 1.36, 1.22, -0.46, -1.52, 0.67, -0.77]
[3.24, 5.51, 3.04, -1.2, -0.49, 1.94, 1.53, -0.26]
[1.36, 3.04, 3.86, -1.3, -1.21, 1.36, -0.44, 0.4]
[1.22, -1.2, -1.3, 5.23, -1.08, -3.95, 0.0, -0.27]
[-0.46, -0.49, -1.21, -1.08, 1.61, 0.25, 0.29, -0.54]
[-1.52, 1.94, 1.36, -3.95, 0.25, 4.63, 1.48, 0.39]
[0.67, 1.53, -0.44, 0.0, 0.29, 1.48, 2.4, -0.45]
[-0.77, -0.26, 0.4, -0.27, -0.54, 0.39, -0.45, 0.43]
MEDIA 1.42617520807

DPs
[2.32, 2.35, 1.96, 2.29, 1.27, 2.15, 1.55, 0.66]

PEARSON
[[ 1.    0.59  0.3   0.23 -0.16 -0.31  0.19 -0.51]
 [ 0.59  1.    0.66 -0.22 -0.16  0.38  0.42 -0.17]
 [ 0.3   0.66  1.   -0.29 -0.48  0.32 -0.14  0.31]
 [ 0.23 -0.22 -0.29  1.   -0.37 -0.8   0.   -0.18]
 [-0.16 -0.16 -0.48 -0.37  1.    0.09  0.15 -0.65]
 [-0.31  0.38  0.32 -0.8   0.09  1.    0.44  0.27]
 [ 0.19  0.42 -0.14  0.    0.15  0.44  1.   -0.45]
 [-0.51 -0.17  0.31 -0.18 -0.65  0.27 -0.45  1.  ]]

AUTOVALORES [40.31, 32.68, 13.76, 9.0, 2.84, 1.42, 0.0] SOMA 1.0

SOMA DOIS PRIMEIROS 0.73
