na: 5 Média: 0.758497094497
na: 6 Média: 0.694325606847
