
*** Teste para 7 agentes ***


Matriz de covariância:
[[ 1.17  0.66  0.66 -0.12  0.52  0.05  0.35  0.06]
 [ 0.66  1.17  0.52 -0.41  0.31  0.38  0.86  0.22]
 [ 0.66  0.52  1.17 -0.15  0.58  0.42  0.27  0.12]
 [-0.12 -0.41 -0.15  1.17  0.84  0.48 -0.28 -0.3 ]
 [ 0.52  0.31  0.58  0.84  1.17  0.67  0.28 -0.05]
 [ 0.05  0.38  0.42  0.48  0.67  1.17 -0.07 -0.16]
 [ 0.35  0.86  0.27 -0.28  0.28 -0.07  1.17  0.67]
 [ 0.06  0.22  0.12 -0.3  -0.05 -0.16  0.67  1.17]]

Matriz de correlação de Pearson:
[[ 1.17  0.66  0.66 -0.12  0.52  0.05  0.35  0.06]
 [ 0.66  1.17  0.52 -0.41  0.31  0.38  0.86  0.22]
 [ 0.66  0.52  1.17 -0.15  0.58  0.42  0.27  0.12]
 [-0.12 -0.41 -0.15  1.17  0.84  0.48 -0.28 -0.3 ]
 [ 0.52  0.31  0.58  0.84  1.17  0.67  0.28 -0.05]
 [ 0.05  0.38  0.42  0.48  0.67  1.17 -0.07 -0.16]
 [ 0.35  0.86  0.27 -0.28  0.28 -0.07  1.17  0.67]
 [ 0.06  0.22  0.12 -0.3  -0.05 -0.16  0.67  1.17]]

Autovalores:
[ 0.37  0.28  0.14  0.1   0.08  0.04  0.   -0.  ]

Soma dos dois primeiros:
65.1775450683

*** Teste para 10 agentes ***


Matriz de covariância:
[[ 1.11 -0.29  0.08  0.33 -0.22 -0.06 -0.54 -0.01]
 [-0.29  1.11  0.09 -0.21 -0.37 -0.15  0.42  0.43]
 [ 0.08  0.09  1.11 -0.58 -0.34  0.04  0.27  0.17]
 [ 0.33 -0.21 -0.58  1.11  0.06  0.01 -0.56 -0.52]
 [-0.22 -0.37 -0.34  0.06  1.11  0.03 -0.25 -0.36]
 [-0.06 -0.15  0.04  0.01  0.03  1.11  0.09 -0.83]
 [-0.54  0.42  0.27 -0.56 -0.25  0.09  1.11  0.42]
 [-0.01  0.43  0.17 -0.52 -0.36 -0.83  0.42  1.11]]

Matriz de correlação de Pearson:
[[ 1.11 -0.29  0.08  0.33 -0.22 -0.06 -0.54 -0.01]
 [-0.29  1.11  0.09 -0.21 -0.37 -0.15  0.42  0.43]
 [ 0.08  0.09  1.11 -0.58 -0.34  0.04  0.27  0.17]
 [ 0.33 -0.21 -0.58  1.11  0.06  0.01 -0.56 -0.52]
 [-0.22 -0.37 -0.34  0.06  1.11  0.03 -0.25 -0.36]
 [-0.06 -0.15  0.04  0.01  0.03  1.11  0.09 -0.83]
 [-0.54  0.42  0.27 -0.56 -0.25  0.09  1.11  0.42]
 [-0.01  0.43  0.17 -0.52 -0.36 -0.83  0.42  1.11]]

Autovalores:
[ 0.34  0.2   0.17  0.13  0.07  0.05  0.04  0.  ]

Soma dos dois primeiros:
54.0670652287

*** Teste para 15 agentes ***


Matriz de covariância:
[[ 1.07 -0.48  0.22 -0.37  0.37 -0.46 -0.06 -0.13]
 [-0.48  1.07  0.02  0.5  -0.44  0.27  0.   -0.35]
 [ 0.22  0.02  1.07  0.24 -0.36 -0.14 -0.28 -0.33]
 [-0.37  0.5   0.24  1.07 -0.34  0.04  0.46 -0.58]
 [ 0.37 -0.44 -0.36 -0.34  1.07 -0.06  0.18  0.27]
 [-0.46  0.27 -0.14  0.04 -0.06  1.07 -0.12 -0.12]
 [-0.06  0.   -0.28  0.46  0.18 -0.12  1.07 -0.02]
 [-0.13 -0.35 -0.33 -0.58  0.27 -0.12 -0.02  1.07]]

Matriz de correlação de Pearson:
[[ 1.07 -0.48  0.22 -0.37  0.37 -0.46 -0.06 -0.13]
 [-0.48  1.07  0.02  0.5  -0.44  0.27  0.   -0.35]
 [ 0.22  0.02  1.07  0.24 -0.36 -0.14 -0.28 -0.33]
 [-0.37  0.5   0.24  1.07 -0.34  0.04  0.46 -0.58]
 [ 0.37 -0.44 -0.36 -0.34  1.07 -0.06  0.18  0.27]
 [-0.46  0.27 -0.14  0.04 -0.06  1.07 -0.12 -0.12]
 [-0.06  0.   -0.28  0.46  0.18 -0.12  1.07 -0.02]
 [-0.13 -0.35 -0.33 -0.58  0.27 -0.12 -0.02  1.07]]

Autovalores:
[ 0.32  0.21  0.18  0.11  0.08  0.05  0.04  0.02]

Soma dos dois primeiros:
52.232706344

*** Teste para 20 agentes ***


Matriz de covariância:
[[ 1.05  0.23  0.01 -0.41  0.02 -0.25 -0.09  0.4 ]
 [ 0.23  1.05  0.26 -0.05  0.34 -0.37  0.06  0.24]
 [ 0.01  0.26  1.05 -0.62 -0.03 -0.32  0.14  0.44]
 [-0.41 -0.05 -0.62  1.05 -0.23  0.55  0.16 -0.23]
 [ 0.02  0.34 -0.03 -0.23  1.05 -0.25  0.18 -0.23]
 [-0.25 -0.37 -0.32  0.55 -0.25  1.05  0.49 -0.15]
 [-0.09  0.06  0.14  0.16  0.18  0.49  1.05 -0.4 ]
 [ 0.4   0.24  0.44 -0.23 -0.23 -0.15 -0.4   1.05]]

Matriz de correlação de Pearson:
[[ 1.05  0.23  0.01 -0.41  0.02 -0.25 -0.09  0.4 ]
 [ 0.23  1.05  0.26 -0.05  0.34 -0.37  0.06  0.24]
 [ 0.01  0.26  1.05 -0.62 -0.03 -0.32  0.14  0.44]
 [-0.41 -0.05 -0.62  1.05 -0.23  0.55  0.16 -0.23]
 [ 0.02  0.34 -0.03 -0.23  1.05 -0.25  0.18 -0.23]
 [-0.25 -0.37 -0.32  0.55 -0.25  1.05  0.49 -0.15]
 [-0.09  0.06  0.14  0.16  0.18  0.49  1.05 -0.4 ]
 [ 0.4   0.24  0.44 -0.23 -0.23 -0.15 -0.4   1.05]]

Autovalores:
[ 0.32  0.19  0.15  0.13  0.11  0.06  0.03  0.01]

Soma dos dois primeiros:
51.1412801777

*** Teste para 25 agentes ***


Matriz de covariância:
[[ 1.04  0.1   0.33  0.01 -0.21  0.09 -0.21  0.12]
 [ 0.1   1.04  0.11  0.1  -0.48  0.17  0.   -0.04]
 [ 0.33  0.11  1.04  0.01 -0.11 -0.19  0.14  0.33]
 [ 0.01  0.1   0.01  1.04  0.17 -0.15  0.15  0.19]
 [-0.21 -0.48 -0.11  0.17  1.04 -0.32  0.24 -0.02]
 [ 0.09  0.17 -0.19 -0.15 -0.32  1.04  0.18 -0.11]
 [-0.21  0.    0.14  0.15  0.24  0.18  1.04  0.33]
 [ 0.12 -0.04  0.33  0.19 -0.02 -0.11  0.33  1.04]]

Matriz de correlação de Pearson:
[[ 1.04  0.1   0.33  0.01 -0.21  0.09 -0.21  0.12]
 [ 0.1   1.04  0.11  0.1  -0.48  0.17  0.   -0.04]
 [ 0.33  0.11  1.04  0.01 -0.11 -0.19  0.14  0.33]
 [ 0.01  0.1   0.01  1.04  0.17 -0.15  0.15  0.19]
 [-0.21 -0.48 -0.11  0.17  1.04 -0.32  0.24 -0.02]
 [ 0.09  0.17 -0.19 -0.15 -0.32  1.04  0.18 -0.11]
 [-0.21  0.    0.14  0.15  0.24  0.18  1.04  0.33]
 [ 0.12 -0.04  0.33  0.19 -0.02 -0.11  0.33  1.04]]

Autovalores:
[ 0.22  0.21  0.16  0.13  0.1   0.08  0.05  0.04]

Soma dos dois primeiros:
43.0866146949

*** Teste para 30 agentes ***


Matriz de covariância:
[[ 1.03 -0.03  0.06 -0.01  0.11 -0.05  0.16  0.08]
 [-0.03  1.03 -0.2   0.07 -0.18  0.05  0.32 -0.01]
 [ 0.06 -0.2   1.03  0.12 -0.11 -0.08 -0.34 -0.07]
 [-0.01  0.07  0.12  1.03 -0.03 -0.46  0.43  0.2 ]
 [ 0.11 -0.18 -0.11 -0.03  1.03 -0.06 -0.12  0.23]
 [-0.05  0.05 -0.08 -0.46 -0.06  1.03 -0.32 -0.09]
 [ 0.16  0.32 -0.34  0.43 -0.12 -0.32  1.03 -0.05]
 [ 0.08 -0.01 -0.07  0.2   0.23 -0.09 -0.05  1.03]]

Matriz de correlação de Pearson:
[[ 1.03 -0.03  0.06 -0.01  0.11 -0.05  0.16  0.08]
 [-0.03  1.03 -0.2   0.07 -0.18  0.05  0.32 -0.01]
 [ 0.06 -0.2   1.03  0.12 -0.11 -0.08 -0.34 -0.07]
 [-0.01  0.07  0.12  1.03 -0.03 -0.46  0.43  0.2 ]
 [ 0.11 -0.18 -0.11 -0.03  1.03 -0.06 -0.12  0.23]
 [-0.05  0.05 -0.08 -0.46 -0.06  1.03 -0.32 -0.09]
 [ 0.16  0.32 -0.34  0.43 -0.12 -0.32  1.03 -0.05]
 [ 0.08 -0.01 -0.07  0.2   0.23 -0.09 -0.05  1.03]]

Autovalores:
[ 0.23  0.18  0.16  0.13  0.11  0.08  0.07  0.04]

Soma dos dois primeiros:
41.7737009636

*** Teste para 35 agentes ***


Matriz de covariância:
[[ 1.03  0.15 -0.11  0.05 -0.15 -0.06  0.08 -0.1 ]
 [ 0.15  1.03  0.1  -0.04  0.04 -0.17 -0.    0.01]
 [-0.11  0.1   1.03  0.34 -0.2  -0.03 -0.04 -0.05]
 [ 0.05 -0.04  0.34  1.03  0.01  0.06  0.2  -0.35]
 [-0.15  0.04 -0.2   0.01  1.03  0.1  -0.18 -0.23]
 [-0.06 -0.17 -0.03  0.06  0.1   1.03 -0.1  -0.16]
 [ 0.08 -0.   -0.04  0.2  -0.18 -0.1   1.03 -0.27]
 [-0.1   0.01 -0.05 -0.35 -0.23 -0.16 -0.27  1.03]]

Matriz de correlação de Pearson:
[[ 1.03  0.15 -0.11  0.05 -0.15 -0.06  0.08 -0.1 ]
 [ 0.15  1.03  0.1  -0.04  0.04 -0.17 -0.    0.01]
 [-0.11  0.1   1.03  0.34 -0.2  -0.03 -0.04 -0.05]
 [ 0.05 -0.04  0.34  1.03  0.01  0.06  0.2  -0.35]
 [-0.15  0.04 -0.2   0.01  1.03  0.1  -0.18 -0.23]
 [-0.06 -0.17 -0.03  0.06  0.1   1.03 -0.1  -0.16]
 [ 0.08 -0.   -0.04  0.2  -0.18 -0.1   1.03 -0.27]
 [-0.1   0.01 -0.05 -0.35 -0.23 -0.16 -0.27  1.03]]

Autovalores:
[ 0.2   0.18  0.15  0.14  0.12  0.09  0.07  0.05]

Soma dos dois primeiros:
37.8999078316

*** Teste para 40 agentes ***


Matriz de covariância:
[[ 1.03 -0.09 -0.19 -0.12  0.16 -0.02  0.04 -0.13]
 [-0.09  1.03  0.16  0.19 -0.12 -0.16  0.01 -0.11]
 [-0.19  0.16  1.03 -0.14  0.17  0.04  0.07 -0.01]
 [-0.12  0.19 -0.14  1.03 -0.36  0.11 -0.19  0.11]
 [ 0.16 -0.12  0.17 -0.36  1.03 -0.11  0.12  0.13]
 [-0.02 -0.16  0.04  0.11 -0.11  1.03  0.27  0.01]
 [ 0.04  0.01  0.07 -0.19  0.12  0.27  1.03 -0.28]
 [-0.13 -0.11 -0.01  0.11  0.13  0.01 -0.28  1.03]]

Matriz de correlação de Pearson:
[[ 1.03 -0.09 -0.19 -0.12  0.16 -0.02  0.04 -0.13]
 [-0.09  1.03  0.16  0.19 -0.12 -0.16  0.01 -0.11]
 [-0.19  0.16  1.03 -0.14  0.17  0.04  0.07 -0.01]
 [-0.12  0.19 -0.14  1.03 -0.36  0.11 -0.19  0.11]
 [ 0.16 -0.12  0.17 -0.36  1.03 -0.11  0.12  0.13]
 [-0.02 -0.16  0.04  0.11 -0.11  1.03  0.27  0.01]
 [ 0.04  0.01  0.07 -0.19  0.12  0.27  1.03 -0.28]
 [-0.13 -0.11 -0.01  0.11  0.13  0.01 -0.28  1.03]]

Autovalores:
[ 0.2   0.17  0.16  0.15  0.1   0.09  0.07  0.06]

Soma dos dois primeiros:
37.4509041714

*** Teste para 45 agentes ***


Matriz de covariância:
[[ 1.02  0.17  0.15 -0.25  0.07  0.23 -0.12 -0.13]
 [ 0.17  1.02  0.13 -0.01 -0.27  0.03 -0.13 -0.06]
 [ 0.15  0.13  1.02 -0.03  0.03 -0.03  0.26  0.04]
 [-0.25 -0.01 -0.03  1.02 -0.01 -0.11 -0.06  0.09]
 [ 0.07 -0.27  0.03 -0.01  1.02  0.15  0.18 -0.07]
 [ 0.23  0.03 -0.03 -0.11  0.15  1.02  0.1  -0.16]
 [-0.12 -0.13  0.26 -0.06  0.18  0.1   1.02 -0.07]
 [-0.13 -0.06  0.04  0.09 -0.07 -0.16 -0.07  1.02]]

Matriz de correlação de Pearson:
[[ 1.02  0.17  0.15 -0.25  0.07  0.23 -0.12 -0.13]
 [ 0.17  1.02  0.13 -0.01 -0.27  0.03 -0.13 -0.06]
 [ 0.15  0.13  1.02 -0.03  0.03 -0.03  0.26  0.04]
 [-0.25 -0.01 -0.03  1.02 -0.01 -0.11 -0.06  0.09]
 [ 0.07 -0.27  0.03 -0.01  1.02  0.15  0.18 -0.07]
 [ 0.23  0.03 -0.03 -0.11  0.15  1.02  0.1  -0.16]
 [-0.12 -0.13  0.26 -0.06  0.18  0.1   1.02 -0.07]
 [-0.13 -0.06  0.04  0.09 -0.07 -0.16 -0.07  1.02]]

Autovalores:
[ 0.2   0.18  0.15  0.12  0.11  0.1   0.08  0.07]

Soma dos dois primeiros:
37.4406170124

*** Teste para 50 agentes ***


Matriz de covariância:
[[ 1.02 -0.15 -0.01 -0.08  0.01 -0.02 -0.1   0.15]
 [-0.15  1.02  0.06 -0.02  0.28  0.33  0.1   0.25]
 [-0.01  0.06  1.02  0.24  0.08  0.05 -0.06  0.19]
 [-0.08 -0.02  0.24  1.02 -0.    0.03  0.1  -0.18]
 [ 0.01  0.28  0.08 -0.    1.02  0.07  0.1   0.13]
 [-0.02  0.33  0.05  0.03  0.07  1.02 -0.19  0.05]
 [-0.1   0.1  -0.06  0.1   0.1  -0.19  1.02  0.03]
 [ 0.15  0.25  0.19 -0.18  0.13  0.05  0.03  1.02]]

Matriz de correlação de Pearson:
[[ 1.02 -0.15 -0.01 -0.08  0.01 -0.02 -0.1   0.15]
 [-0.15  1.02  0.06 -0.02  0.28  0.33  0.1   0.25]
 [-0.01  0.06  1.02  0.24  0.08  0.05 -0.06  0.19]
 [-0.08 -0.02  0.24  1.02 -0.    0.03  0.1  -0.18]
 [ 0.01  0.28  0.08 -0.    1.02  0.07  0.1   0.13]
 [-0.02  0.33  0.05  0.03  0.07  1.02 -0.19  0.05]
 [-0.1   0.1  -0.06  0.1   0.1  -0.19  1.02  0.03]
 [ 0.15  0.25  0.19 -0.18  0.13  0.05  0.03  1.02]]

Autovalores:
[ 0.2   0.16  0.15  0.14  0.11  0.1   0.07  0.06]

Soma dos dois primeiros:
36.6189309396

*** Teste para 100 agentes ***


Matriz de covariância:
[[ 1.01  0.01  0.03 -0.03 -0.09  0.1  -0.11  0.11]
 [ 0.01  1.01  0.06  0.03 -0.13 -0.01  0.04 -0.07]
 [ 0.03  0.06  1.01  0.01  0.06  0.   -0.   -0.13]
 [-0.03  0.03  0.01  1.01  0.02  0.    0.09 -0.16]
 [-0.09 -0.13  0.06  0.02  1.01  0.05  0.07 -0.06]
 [ 0.1  -0.01  0.    0.    0.05  1.01 -0.1  -0.01]
 [-0.11  0.04 -0.    0.09  0.07 -0.1   1.01 -0.19]
 [ 0.11 -0.07 -0.13 -0.16 -0.06 -0.01 -0.19  1.01]]

Matriz de correlação de Pearson:
[[ 1.01  0.01  0.03 -0.03 -0.09  0.1  -0.11  0.11]
 [ 0.01  1.01  0.06  0.03 -0.13 -0.01  0.04 -0.07]
 [ 0.03  0.06  1.01  0.01  0.06  0.   -0.   -0.13]
 [-0.03  0.03  0.01  1.01  0.02  0.    0.09 -0.16]
 [-0.09 -0.13  0.06  0.02  1.01  0.05  0.07 -0.06]
 [ 0.1  -0.01  0.    0.    0.05  1.01 -0.1  -0.01]
 [-0.11  0.04 -0.    0.09  0.07 -0.1   1.01 -0.19]
 [ 0.11 -0.07 -0.13 -0.16 -0.06 -0.01 -0.19  1.01]]

Autovalores:
[ 0.18  0.14  0.14  0.12  0.11  0.11  0.1   0.09]

Soma dos dois primeiros:
32.1570513643
