
*** Teste para 7 agentes ***


Matriz de covariância:
[[ 1.   -0.25  0.56 -0.2   0.4   0.16 -0.02 -0.39]
 [-0.25  1.   -0.15  0.76  0.21  0.04  0.68  0.15]
 [ 0.56 -0.15  1.    0.09  0.09 -0.35 -0.26  0.18]
 [-0.2   0.76  0.09  1.    0.35 -0.09  0.26 -0.18]
 [ 0.4   0.21  0.09  0.35  1.   -0.18  0.48 -0.4 ]
 [ 0.16  0.04 -0.35 -0.09 -0.18  1.   -0.27 -0.59]
 [-0.02  0.68 -0.26  0.26  0.48 -0.27  1.    0.29]
 [-0.39  0.15  0.18 -0.18 -0.4  -0.59  0.29  1.  ]]

Matriz de correlação de Pearson:
[[ 1.   -0.25  0.56 -0.2   0.4   0.16 -0.02 -0.39]
 [-0.25  1.   -0.15  0.76  0.21  0.04  0.68  0.15]
 [ 0.56 -0.15  1.    0.09  0.09 -0.35 -0.26  0.18]
 [-0.2   0.76  0.09  1.    0.35 -0.09  0.26 -0.18]
 [ 0.4   0.21  0.09  0.35  1.   -0.18  0.48 -0.4 ]
 [ 0.16  0.04 -0.35 -0.09 -0.18  1.   -0.27 -0.59]
 [-0.02  0.68 -0.26  0.26  0.48 -0.27  1.    0.29]
 [-0.39  0.15  0.18 -0.18 -0.4  -0.59  0.29  1.  ]]

Autovalores:
[ 0.31  0.25  0.22  0.13  0.09  0.01  0.   -0.  ]

Soma dos dois primeiros:
0.56

*** Teste para 10 agentes ***


Matriz de covariância:
[[ 1.   -0.42 -0.06 -0.06 -0.3   0.37  0.09 -0.05]
 [-0.42  1.   -0.58 -0.25  0.03 -0.65 -0.53  0.24]
 [-0.06 -0.58  1.    0.15 -0.31  0.22  0.38 -0.33]
 [-0.06 -0.25  0.15  1.   -0.07  0.1  -0.4  -0.25]
 [-0.3   0.03 -0.31 -0.07  1.    0.44 -0.08  0.2 ]
 [ 0.37 -0.65  0.22  0.1   0.44  1.    0.27  0.  ]
 [ 0.09 -0.53  0.38 -0.4  -0.08  0.27  1.    0.09]
 [-0.05  0.24 -0.33 -0.25  0.2   0.    0.09  1.  ]]

Matriz de correlação de Pearson:
[[ 1.   -0.42 -0.06 -0.06 -0.3   0.37  0.09 -0.05]
 [-0.42  1.   -0.58 -0.25  0.03 -0.65 -0.53  0.24]
 [-0.06 -0.58  1.    0.15 -0.31  0.22  0.38 -0.33]
 [-0.06 -0.25  0.15  1.   -0.07  0.1  -0.4  -0.25]
 [-0.3   0.03 -0.31 -0.07  1.    0.44 -0.08  0.2 ]
 [ 0.37 -0.65  0.22  0.1   0.44  1.    0.27  0.  ]
 [ 0.09 -0.53  0.38 -0.4  -0.08  0.27  1.    0.09]
 [-0.05  0.24 -0.33 -0.25  0.2   0.    0.09  1.  ]]

Autovalores:
[ 0.32  0.21  0.18  0.14  0.09  0.04  0.02  0.01]

Soma dos dois primeiros:
0.52

*** Teste para 15 agentes ***


Matriz de covariância:
[[ 1.    0.57 -0.07  0.42  0.41  0.23 -0.01 -0.04]
 [ 0.57  1.    0.06  0.16  0.21  0.07  0.46 -0.1 ]
 [-0.07  0.06  1.   -0.59 -0.02  0.02  0.37 -0.67]
 [ 0.42  0.16 -0.59  1.   -0.13  0.12 -0.18  0.33]
 [ 0.41  0.21 -0.02 -0.13  1.    0.06 -0.2   0.03]
 [ 0.23  0.07  0.02  0.12  0.06  1.   -0.    0.1 ]
 [-0.01  0.46  0.37 -0.18 -0.2  -0.    1.   -0.67]
 [-0.04 -0.1  -0.67  0.33  0.03  0.1  -0.67  1.  ]]

Matriz de correlação de Pearson:
[[ 1.    0.57 -0.07  0.42  0.41  0.23 -0.01 -0.04]
 [ 0.57  1.    0.06  0.16  0.21  0.07  0.46 -0.1 ]
 [-0.07  0.06  1.   -0.59 -0.02  0.02  0.37 -0.67]
 [ 0.42  0.16 -0.59  1.   -0.13  0.12 -0.18  0.33]
 [ 0.41  0.21 -0.02 -0.13  1.    0.06 -0.2   0.03]
 [ 0.23  0.07  0.02  0.12  0.06  1.   -0.    0.1 ]
 [-0.01  0.46  0.37 -0.18 -0.2  -0.    1.   -0.67]
 [-0.04 -0.1  -0.67  0.33  0.03  0.1  -0.67  1.  ]]

Autovalores:
[ 0.31  0.25  0.15  0.12  0.08  0.06  0.02  0.01]

Soma dos dois primeiros:
0.56

*** Teste para 20 agentes ***


Matriz de covariância:
[[ 1.   -0.21  0.07  0.04  0.12  0.46 -0.    0.44]
 [-0.21  1.   -0.23  0.   -0.01 -0.57  0.3  -0.05]
 [ 0.07 -0.23  1.    0.02 -0.07 -0.02 -0.2   0.19]
 [ 0.04  0.    0.02  1.    0.63 -0.05  0.13  0.03]
 [ 0.12 -0.01 -0.07  0.63  1.   -0.06  0.11  0.01]
 [ 0.46 -0.57 -0.02 -0.05 -0.06  1.   -0.46  0.12]
 [-0.    0.3  -0.2   0.13  0.11 -0.46  1.    0.23]
 [ 0.44 -0.05  0.19  0.03  0.01  0.12  0.23  1.  ]]

Matriz de correlação de Pearson:
[[ 1.   -0.21  0.07  0.04  0.12  0.46 -0.    0.44]
 [-0.21  1.   -0.23  0.   -0.01 -0.57  0.3  -0.05]
 [ 0.07 -0.23  1.    0.02 -0.07 -0.02 -0.2   0.19]
 [ 0.04  0.    0.02  1.    0.63 -0.05  0.13  0.03]
 [ 0.12 -0.01 -0.07  0.63  1.   -0.06  0.11  0.01]
 [ 0.46 -0.57 -0.02 -0.05 -0.06  1.   -0.46  0.12]
 [-0.    0.3  -0.2   0.13  0.11 -0.46  1.    0.23]
 [ 0.44 -0.05  0.19  0.03  0.01  0.12  0.23  1.  ]]

Autovalores:
[ 0.27  0.22  0.17  0.13  0.08  0.06  0.05  0.03]

Soma dos dois primeiros:
0.49

*** Teste para 25 agentes ***


Matriz de covariância:
[[ 1.   -0.05 -0.17 -0.22  0.1  -0.16  0.29  0.16]
 [-0.05  1.   -0.06 -0.19  0.11 -0.24  0.12 -0.05]
 [-0.17 -0.06  1.   -0.03  0.1   0.17 -0.29 -0.36]
 [-0.22 -0.19 -0.03  1.    0.23 -0.06 -0.1  -0.25]
 [ 0.1   0.11  0.1   0.23  1.    0.1  -0.1  -0.12]
 [-0.16 -0.24  0.17 -0.06  0.1   1.    0.21 -0.54]
 [ 0.29  0.12 -0.29 -0.1  -0.1   0.21  1.    0.01]
 [ 0.16 -0.05 -0.36 -0.25 -0.12 -0.54  0.01  1.  ]]

Matriz de correlação de Pearson:
[[ 1.   -0.05 -0.17 -0.22  0.1  -0.16  0.29  0.16]
 [-0.05  1.   -0.06 -0.19  0.11 -0.24  0.12 -0.05]
 [-0.17 -0.06  1.   -0.03  0.1   0.17 -0.29 -0.36]
 [-0.22 -0.19 -0.03  1.    0.23 -0.06 -0.1  -0.25]
 [ 0.1   0.11  0.1   0.23  1.    0.1  -0.1  -0.12]
 [-0.16 -0.24  0.17 -0.06  0.1   1.    0.21 -0.54]
 [ 0.29  0.12 -0.29 -0.1  -0.1   0.21  1.    0.01]
 [ 0.16 -0.05 -0.36 -0.25 -0.12 -0.54  0.01  1.  ]]

Autovalores:
[ 0.25  0.18  0.15  0.14  0.12  0.08  0.06  0.02]

Soma dos dois primeiros:
0.42

*** Teste para 30 agentes ***


Matriz de covariância:
[[ 1.    0.05  0.14 -0.05 -0.07  0.22  0.54 -0.07]
 [ 0.05  1.    0.03  0.16  0.11 -0.19 -0.13  0.31]
 [ 0.14  0.03  1.   -0.18 -0.07  0.23 -0.28 -0.18]
 [-0.05  0.16 -0.18  1.    0.32 -0.47  0.27  0.1 ]
 [-0.07  0.11 -0.07  0.32  1.   -0.33  0.07  0.14]
 [ 0.22 -0.19  0.23 -0.47 -0.33  1.    0.15  0.13]
 [ 0.54 -0.13 -0.28  0.27  0.07  0.15  1.    0.08]
 [-0.07  0.31 -0.18  0.1   0.14  0.13  0.08  1.  ]]

Matriz de correlação de Pearson:
[[ 1.    0.05  0.14 -0.05 -0.07  0.22  0.54 -0.07]
 [ 0.05  1.    0.03  0.16  0.11 -0.19 -0.13  0.31]
 [ 0.14  0.03  1.   -0.18 -0.07  0.23 -0.28 -0.18]
 [-0.05  0.16 -0.18  1.    0.32 -0.47  0.27  0.1 ]
 [-0.07  0.11 -0.07  0.32  1.   -0.33  0.07  0.14]
 [ 0.22 -0.19  0.23 -0.47 -0.33  1.    0.15  0.13]
 [ 0.54 -0.13 -0.28  0.27  0.07  0.15  1.    0.08]
 [-0.07  0.31 -0.18  0.1   0.14  0.13  0.08  1.  ]]

Autovalores:
[ 0.25  0.21  0.16  0.14  0.1   0.08  0.05  0.03]

Soma dos dois primeiros:
0.46

*** Teste para 35 agentes ***


Matriz de covariância:
[[ 1.    0.11 -0.24  0.19  0.13 -0.12 -0.21  0.26]
 [ 0.11  1.    0.25 -0.16 -0.27 -0.03 -0.04 -0.06]
 [-0.24  0.25  1.   -0.11  0.11 -0.15 -0.09 -0.32]
 [ 0.19 -0.16 -0.11  1.    0.03 -0.21 -0.22 -0.1 ]
 [ 0.13 -0.27  0.11  0.03  1.   -0.32 -0.27 -0.3 ]
 [-0.12 -0.03 -0.15 -0.21 -0.32  1.   -0.11  0.08]
 [-0.21 -0.04 -0.09 -0.22 -0.27 -0.11  1.    0.17]
 [ 0.26 -0.06 -0.32 -0.1  -0.3   0.08  0.17  1.  ]]

Matriz de correlação de Pearson:
[[ 1.    0.11 -0.24  0.19  0.13 -0.12 -0.21  0.26]
 [ 0.11  1.    0.25 -0.16 -0.27 -0.03 -0.04 -0.06]
 [-0.24  0.25  1.   -0.11  0.11 -0.15 -0.09 -0.32]
 [ 0.19 -0.16 -0.11  1.    0.03 -0.21 -0.22 -0.1 ]
 [ 0.13 -0.27  0.11  0.03  1.   -0.32 -0.27 -0.3 ]
 [-0.12 -0.03 -0.15 -0.21 -0.32  1.   -0.11  0.08]
 [-0.21 -0.04 -0.09 -0.22 -0.27 -0.11  1.    0.17]
 [ 0.26 -0.06 -0.32 -0.1  -0.3   0.08  0.17  1.  ]]

Autovalores:
[ 0.22  0.2   0.15  0.14  0.12  0.08  0.06  0.04]

Soma dos dois primeiros:
0.42

*** Teste para 40 agentes ***


Matriz de covariância:
[[ 1.    0.07  0.17  0.11  0.38  0.17  0.1   0.03]
 [ 0.07  1.    0.02  0.11 -0.01 -0.22 -0.17  0.21]
 [ 0.17  0.02  1.    0.08  0.04 -0.25  0.29  0.04]
 [ 0.11  0.11  0.08  1.    0.03  0.01  0.4  -0.07]
 [ 0.38 -0.01  0.04  0.03  1.   -0.1   0.24  0.  ]
 [ 0.17 -0.22 -0.25  0.01 -0.1   1.   -0.1  -0.1 ]
 [ 0.1  -0.17  0.29  0.4   0.24 -0.1   1.   -0.15]
 [ 0.03  0.21  0.04 -0.07  0.   -0.1  -0.15  1.  ]]

Matriz de correlação de Pearson:
[[ 1.    0.07  0.17  0.11  0.38  0.17  0.1   0.03]
 [ 0.07  1.    0.02  0.11 -0.01 -0.22 -0.17  0.21]
 [ 0.17  0.02  1.    0.08  0.04 -0.25  0.29  0.04]
 [ 0.11  0.11  0.08  1.    0.03  0.01  0.4  -0.07]
 [ 0.38 -0.01  0.04  0.03  1.   -0.1   0.24  0.  ]
 [ 0.17 -0.22 -0.25  0.01 -0.1   1.   -0.1  -0.1 ]
 [ 0.1  -0.17  0.29  0.4   0.24 -0.1   1.   -0.15]
 [ 0.03  0.21  0.04 -0.07  0.   -0.1  -0.15  1.  ]]

Autovalores:
[ 0.22  0.18  0.16  0.13  0.11  0.1   0.06  0.05]

Soma dos dois primeiros:
0.4

*** Teste para 45 agentes ***


Matriz de covariância:
[[ 1.    0.05 -0.12 -0.01  0.09  0.42 -0.3   0.1 ]
 [ 0.05  1.   -0.05  0.02  0.16  0.03 -0.11  0.2 ]
 [-0.12 -0.05  1.   -0.    0.1   0.22 -0.03 -0.13]
 [-0.01  0.02 -0.    1.    0.02  0.19  0.02  0.26]
 [ 0.09  0.16  0.1   0.02  1.    0.12 -0.03 -0.01]
 [ 0.42  0.03  0.22  0.19  0.12  1.   -0.26 -0.12]
 [-0.3  -0.11 -0.03  0.02 -0.03 -0.26  1.    0.1 ]
 [ 0.1   0.2  -0.13  0.26 -0.01 -0.12  0.1   1.  ]]

Matriz de correlação de Pearson:
[[ 1.    0.05 -0.12 -0.01  0.09  0.42 -0.3   0.1 ]
 [ 0.05  1.   -0.05  0.02  0.16  0.03 -0.11  0.2 ]
 [-0.12 -0.05  1.   -0.    0.1   0.22 -0.03 -0.13]
 [-0.01  0.02 -0.    1.    0.02  0.19  0.02  0.26]
 [ 0.09  0.16  0.1   0.02  1.    0.12 -0.03 -0.01]
 [ 0.42  0.03  0.22  0.19  0.12  1.   -0.26 -0.12]
 [-0.3  -0.11 -0.03  0.02 -0.03 -0.26  1.    0.1 ]
 [ 0.1   0.2  -0.13  0.26 -0.01 -0.12  0.1   1.  ]]

Autovalores:
[ 0.22  0.18  0.14  0.14  0.11  0.09  0.08  0.05]

Soma dos dois primeiros:
0.39

*** Teste para 50 agentes ***


Matriz de covariância:
[[ 1.    0.34 -0.17  0.01 -0.13  0.05  0.43  0.04]
 [ 0.34  1.    0.15  0.35 -0.14  0.13  0.41 -0.17]
 [-0.17  0.15  1.   -0.01 -0.03 -0.1  -0.13  0.13]
 [ 0.01  0.35 -0.01  1.   -0.   -0.06  0.11  0.04]
 [-0.13 -0.14 -0.03 -0.    1.   -0.01 -0.03 -0.11]
 [ 0.05  0.13 -0.1  -0.06 -0.01  1.    0.12 -0.35]
 [ 0.43  0.41 -0.13  0.11 -0.03  0.12  1.   -0.04]
 [ 0.04 -0.17  0.13  0.04 -0.11 -0.35 -0.04  1.  ]]

Matriz de correlação de Pearson:
[[ 1.    0.34 -0.17  0.01 -0.13  0.05  0.43  0.04]
 [ 0.34  1.    0.15  0.35 -0.14  0.13  0.41 -0.17]
 [-0.17  0.15  1.   -0.01 -0.03 -0.1  -0.13  0.13]
 [ 0.01  0.35 -0.01  1.   -0.   -0.06  0.11  0.04]
 [-0.13 -0.14 -0.03 -0.    1.   -0.01 -0.03 -0.11]
 [ 0.05  0.13 -0.1  -0.06 -0.01  1.    0.12 -0.35]
 [ 0.43  0.41 -0.13  0.11 -0.03  0.12  1.   -0.04]
 [ 0.04 -0.17  0.13  0.04 -0.11 -0.35 -0.04  1.  ]]

Autovalores:
[ 0.24  0.18  0.14  0.13  0.11  0.08  0.07  0.05]

Soma dos dois primeiros:
0.42

*** Teste para 100 agentes ***


Matriz de covariância:
[[ 1.   -0.07 -0.17 -0.1   0.09  0.01  0.2  -0.03]
 [-0.07  1.   -0.07 -0.17  0.13  0.09 -0.03  0.03]
 [-0.17 -0.07  1.    0.15  0.08  0.07  0.06  0.07]
 [-0.1  -0.17  0.15  1.   -0.08  0.02  0.03 -0.1 ]
 [ 0.09  0.13  0.08 -0.08  1.    0.16 -0.13  0.06]
 [ 0.01  0.09  0.07  0.02  0.16  1.   -0.05  0.07]
 [ 0.2  -0.03  0.06  0.03 -0.13 -0.05  1.    0.1 ]
 [-0.03  0.03  0.07 -0.1   0.06  0.07  0.1   1.  ]]

Matriz de correlação de Pearson:
[[ 1.   -0.07 -0.17 -0.1   0.09  0.01  0.2  -0.03]
 [-0.07  1.   -0.07 -0.17  0.13  0.09 -0.03  0.03]
 [-0.17 -0.07  1.    0.15  0.08  0.07  0.06  0.07]
 [-0.1  -0.17  0.15  1.   -0.08  0.02  0.03 -0.1 ]
 [ 0.09  0.13  0.08 -0.08  1.    0.16 -0.13  0.06]
 [ 0.01  0.09  0.07  0.02  0.16  1.   -0.05  0.07]
 [ 0.2  -0.03  0.06  0.03 -0.13 -0.05  1.    0.1 ]
 [-0.03  0.03  0.07 -0.1   0.06  0.07  0.1   1.  ]]

Autovalores:
[ 0.17  0.16  0.15  0.13  0.11  0.11  0.09  0.07]

Soma dos dois primeiros:
0.34

*** Teste para 150 agentes ***


Matriz de covariância:
[[ 1.    0.01  0.05  0.02  0.04  0.05 -0.03 -0.08]
 [ 0.01  1.   -0.01 -0.03 -0.06 -0.04  0.04 -0.03]
 [ 0.05 -0.01  1.   -0.02  0.05  0.06 -0.08  0.01]
 [ 0.02 -0.03 -0.02  1.   -0.05  0.06  0.04  0.07]
 [ 0.04 -0.06  0.05 -0.05  1.   -0.11 -0.01  0.12]
 [ 0.05 -0.04  0.06  0.06 -0.11  1.   -0.07 -0.1 ]
 [-0.03  0.04 -0.08  0.04 -0.01 -0.07  1.   -0.12]
 [-0.08 -0.03  0.01  0.07  0.12 -0.1  -0.12  1.  ]]

Matriz de correlação de Pearson:
[[ 1.    0.01  0.05  0.02  0.04  0.05 -0.03 -0.08]
 [ 0.01  1.   -0.01 -0.03 -0.06 -0.04  0.04 -0.03]
 [ 0.05 -0.01  1.   -0.02  0.05  0.06 -0.08  0.01]
 [ 0.02 -0.03 -0.02  1.   -0.05  0.06  0.04  0.07]
 [ 0.04 -0.06  0.05 -0.05  1.   -0.11 -0.01  0.12]
 [ 0.05 -0.04  0.06  0.06 -0.11  1.   -0.07 -0.1 ]
 [-0.03  0.04 -0.08  0.04 -0.01 -0.07  1.   -0.12]
 [-0.08 -0.03  0.01  0.07  0.12 -0.1  -0.12  1.  ]]

Autovalores:
[ 0.16  0.15  0.14  0.13  0.12  0.12  0.1   0.09]

Soma dos dois primeiros:
0.3

*** Teste para 200 agentes ***


Matriz de covariância:
[[ 1.   -0.08  0.1   0.04 -0.02 -0.   -0.01 -0.12]
 [-0.08  1.   -0.07 -0.01 -0.01 -0.05  0.01 -0.08]
 [ 0.1  -0.07  1.    0.09 -0.02 -0.07 -0.11 -0.03]
 [ 0.04 -0.01  0.09  1.    0.17 -0.02 -0.03 -0.14]
 [-0.02 -0.01 -0.02  0.17  1.   -0.02  0.04 -0.07]
 [-0.   -0.05 -0.07 -0.02 -0.02  1.    0.09  0.02]
 [-0.01  0.01 -0.11 -0.03  0.04  0.09  1.   -0.  ]
 [-0.12 -0.08 -0.03 -0.14 -0.07  0.02 -0.    1.  ]]

Matriz de correlação de Pearson:
[[ 1.   -0.08  0.1   0.04 -0.02 -0.   -0.01 -0.12]
 [-0.08  1.   -0.07 -0.01 -0.01 -0.05  0.01 -0.08]
 [ 0.1  -0.07  1.    0.09 -0.02 -0.07 -0.11 -0.03]
 [ 0.04 -0.01  0.09  1.    0.17 -0.02 -0.03 -0.14]
 [-0.02 -0.01 -0.02  0.17  1.   -0.02  0.04 -0.07]
 [-0.   -0.05 -0.07 -0.02 -0.02  1.    0.09  0.02]
 [-0.01  0.01 -0.11 -0.03  0.04  0.09  1.   -0.  ]
 [-0.12 -0.08 -0.03 -0.14 -0.07  0.02 -0.    1.  ]]

Autovalores:
[ 0.17  0.15  0.14  0.13  0.11  0.11  0.1   0.1 ]

Soma dos dois primeiros:
0.31

*** Teste para 250 agentes ***


Matriz de covariância:
[[ 1.    0.02  0.01 -0.04 -0.01 -0.12 -0.02 -0.06]
 [ 0.02  1.   -0.04 -0.17  0.05 -0.08  0.08  0.04]
 [ 0.01 -0.04  1.   -0.04  0.01  0.01 -0.04 -0.11]
 [-0.04 -0.17 -0.04  1.   -0.01  0.01 -0.09  0.13]
 [-0.01  0.05  0.01 -0.01  1.    0.01 -0.07  0.08]
 [-0.12 -0.08  0.01  0.01  0.01  1.    0.17  0.02]
 [-0.02  0.08 -0.04 -0.09 -0.07  0.17  1.   -0.1 ]
 [-0.06  0.04 -0.11  0.13  0.08  0.02 -0.1   1.  ]]

Matriz de correlação de Pearson:
[[ 1.    0.02  0.01 -0.04 -0.01 -0.12 -0.02 -0.06]
 [ 0.02  1.   -0.04 -0.17  0.05 -0.08  0.08  0.04]
 [ 0.01 -0.04  1.   -0.04  0.01  0.01 -0.04 -0.11]
 [-0.04 -0.17 -0.04  1.   -0.01  0.01 -0.09  0.13]
 [-0.01  0.05  0.01 -0.01  1.    0.01 -0.07  0.08]
 [-0.12 -0.08  0.01  0.01  0.01  1.    0.17  0.02]
 [-0.02  0.08 -0.04 -0.09 -0.07  0.17  1.   -0.1 ]
 [-0.06  0.04 -0.11  0.13  0.08  0.02 -0.1   1.  ]]

Autovalores:
[ 0.16  0.15  0.14  0.13  0.12  0.11  0.1   0.09]

Soma dos dois primeiros:
0.32

*** Teste para 300 agentes ***


Matriz de covariância:
[[ 1.   -0.06  0.   -0.04 -0.09 -0.02  0.01  0.02]
 [-0.06  1.    0.04  0.07 -0.07  0.   -0.04 -0.05]
 [ 0.    0.04  1.   -0.09  0.04  0.   -0.03 -0.04]
 [-0.04  0.07 -0.09  1.   -0.03 -0.01 -0.08  0.05]
 [-0.09 -0.07  0.04 -0.03  1.    0.02 -0.01  0.02]
 [-0.02  0.    0.   -0.01  0.02  1.    0.09 -0.09]
 [ 0.01 -0.04 -0.03 -0.08 -0.01  0.09  1.    0.04]
 [ 0.02 -0.05 -0.04  0.05  0.02 -0.09  0.04  1.  ]]

Matriz de correlação de Pearson:
[[ 1.   -0.06  0.   -0.04 -0.09 -0.02  0.01  0.02]
 [-0.06  1.    0.04  0.07 -0.07  0.   -0.04 -0.05]
 [ 0.    0.04  1.   -0.09  0.04  0.   -0.03 -0.04]
 [-0.04  0.07 -0.09  1.   -0.03 -0.01 -0.08  0.05]
 [-0.09 -0.07  0.04 -0.03  1.    0.02 -0.01  0.02]
 [-0.02  0.    0.   -0.01  0.02  1.    0.09 -0.09]
 [ 0.01 -0.04 -0.03 -0.08 -0.01  0.09  1.    0.04]
 [ 0.02 -0.05 -0.04  0.05  0.02 -0.09  0.04  1.  ]]

Autovalores:
[ 0.15  0.14  0.14  0.13  0.12  0.11  0.1   0.1 ]

Soma dos dois primeiros:
0.29

*** Teste para 350 agentes ***


Matriz de covariância:
[[ 1.    0.01 -0.09  0.06  0.02  0.   -0.05 -0.05]
 [ 0.01  1.   -0.02 -0.04  0.02  0.01 -0.07 -0.05]
 [-0.09 -0.02  1.   -0.06  0.1  -0.06  0.08  0.09]
 [ 0.06 -0.04 -0.06  1.   -0.01  0.    0.06  0.01]
 [ 0.02  0.02  0.1  -0.01  1.   -0.01 -0.06  0.03]
 [ 0.    0.01 -0.06  0.   -0.01  1.   -0.01  0.  ]
 [-0.05 -0.07  0.08  0.06 -0.06 -0.01  1.    0.04]
 [-0.05 -0.05  0.09  0.01  0.03  0.    0.04  1.  ]]

Matriz de correlação de Pearson:
[[ 1.    0.01 -0.09  0.06  0.02  0.   -0.05 -0.05]
 [ 0.01  1.   -0.02 -0.04  0.02  0.01 -0.07 -0.05]
 [-0.09 -0.02  1.   -0.06  0.1  -0.06  0.08  0.09]
 [ 0.06 -0.04 -0.06  1.   -0.01  0.    0.06  0.01]
 [ 0.02  0.02  0.1  -0.01  1.   -0.01 -0.06  0.03]
 [ 0.    0.01 -0.06  0.   -0.01  1.   -0.01  0.  ]
 [-0.05 -0.07  0.08  0.06 -0.06 -0.01  1.    0.04]
 [-0.05 -0.05  0.09  0.01  0.03  0.    0.04  1.  ]]

Autovalores:
[ 0.16  0.14  0.13  0.13  0.12  0.12  0.11  0.1 ]

Soma dos dois primeiros:
0.3

*** Teste para 400 agentes ***


Matriz de covariância:
[[ 1.    0.03 -0.09 -0.02  0.03  0.05 -0.03  0.03]
 [ 0.03  1.    0.01  0.01  0.01  0.01  0.02 -0.06]
 [-0.09  0.01  1.    0.12  0.01 -0.02  0.01 -0.07]
 [-0.02  0.01  0.12  1.   -0.08  0.01 -0.01 -0.04]
 [ 0.03  0.01  0.01 -0.08  1.   -0.02  0.03  0.01]
 [ 0.05  0.01 -0.02  0.01 -0.02  1.    0.    0.03]
 [-0.03  0.02  0.01 -0.01  0.03  0.    1.   -0.01]
 [ 0.03 -0.06 -0.07 -0.04  0.01  0.03 -0.01  1.  ]]

Matriz de correlação de Pearson:
[[ 1.    0.03 -0.09 -0.02  0.03  0.05 -0.03  0.03]
 [ 0.03  1.    0.01  0.01  0.01  0.01  0.02 -0.06]
 [-0.09  0.01  1.    0.12  0.01 -0.02  0.01 -0.07]
 [-0.02  0.01  0.12  1.   -0.08  0.01 -0.01 -0.04]
 [ 0.03  0.01  0.01 -0.08  1.   -0.02  0.03  0.01]
 [ 0.05  0.01 -0.02  0.01 -0.02  1.    0.    0.03]
 [-0.03  0.02  0.01 -0.01  0.03  0.    1.   -0.01]
 [ 0.03 -0.06 -0.07 -0.04  0.01  0.03 -0.01  1.  ]]

Autovalores:
[ 0.15  0.13  0.13  0.13  0.12  0.12  0.11  0.1 ]

Soma dos dois primeiros:
0.29

*** Teste para 450 agentes ***


Matriz de covariância:
[[ 1.    0.03  0.03 -0.02  0.02  0.04 -0.   -0.05]
 [ 0.03  1.    0.    0.08 -0.02 -0.06  0.04 -0.11]
 [ 0.03  0.    1.    0.02  0.04 -0.04  0.02  0.05]
 [-0.02  0.08  0.02  1.   -0.02 -0.   -0.03 -0.01]
 [ 0.02 -0.02  0.04 -0.02  1.   -0.05 -0.02 -0.05]
 [ 0.04 -0.06 -0.04 -0.   -0.05  1.    0.02  0.01]
 [-0.    0.04  0.02 -0.03 -0.02  0.02  1.    0.04]
 [-0.05 -0.11  0.05 -0.01 -0.05  0.01  0.04  1.  ]]

Matriz de correlação de Pearson:
[[ 1.    0.03  0.03 -0.02  0.02  0.04 -0.   -0.05]
 [ 0.03  1.    0.    0.08 -0.02 -0.06  0.04 -0.11]
 [ 0.03  0.    1.    0.02  0.04 -0.04  0.02  0.05]
 [-0.02  0.08  0.02  1.   -0.02 -0.   -0.03 -0.01]
 [ 0.02 -0.02  0.04 -0.02  1.   -0.05 -0.02 -0.05]
 [ 0.04 -0.06 -0.04 -0.   -0.05  1.    0.02  0.01]
 [-0.    0.04  0.02 -0.03 -0.02  0.02  1.    0.04]
 [-0.05 -0.11  0.05 -0.01 -0.05  0.01  0.04  1.  ]]

Autovalores:
[ 0.15  0.14  0.13  0.13  0.13  0.12  0.11  0.1 ]

Soma dos dois primeiros:
0.28

*** Teste para 500 agentes ***


Matriz de covariância:
[[ 1.    0.01 -0.06 -0.02 -0.02  0.01 -0.1  -0.03]
 [ 0.01  1.   -0.04  0.01  0.03  0.06  0.06 -0.03]
 [-0.06 -0.04  1.   -0.01 -0.    0.01 -0.03  0.01]
 [-0.02  0.01 -0.01  1.    0.04 -0.05  0.    0.01]
 [-0.02  0.03 -0.    0.04  1.   -0.02  0.05 -0.03]
 [ 0.01  0.06  0.01 -0.05 -0.02  1.   -0.03 -0.01]
 [-0.1   0.06 -0.03  0.    0.05 -0.03  1.   -0.06]
 [-0.03 -0.03  0.01  0.01 -0.03 -0.01 -0.06  1.  ]]

Matriz de correlação de Pearson:
[[ 1.    0.01 -0.06 -0.02 -0.02  0.01 -0.1  -0.03]
 [ 0.01  1.   -0.04  0.01  0.03  0.06  0.06 -0.03]
 [-0.06 -0.04  1.   -0.01 -0.    0.01 -0.03  0.01]
 [-0.02  0.01 -0.01  1.    0.04 -0.05  0.    0.01]
 [-0.02  0.03 -0.    0.04  1.   -0.02  0.05 -0.03]
 [ 0.01  0.06  0.01 -0.05 -0.02  1.   -0.03 -0.01]
 [-0.1   0.06 -0.03  0.    0.05 -0.03  1.   -0.06]
 [-0.03 -0.03  0.01  0.01 -0.03 -0.01 -0.06  1.  ]]

Autovalores:
[ 0.15  0.14  0.13  0.13  0.12  0.12  0.11  0.1 ]

Soma dos dois primeiros:
0.28

*** Teste para 1000 agentes ***


Matriz de covariância:
[[ 1.    0.01  0.    0.07  0.01  0.02  0.02  0.01]
 [ 0.01  1.   -0.01  0.02  0.04  0.01  0.01 -0.03]
 [ 0.   -0.01  1.    0.04  0.04 -0.   -0.01  0.03]
 [ 0.07  0.02  0.04  1.    0.02 -0.05 -0.01 -0.06]
 [ 0.01  0.04  0.04  0.02  1.   -0.04  0.04  0.04]
 [ 0.02  0.01 -0.   -0.05 -0.04  1.    0.02 -0.02]
 [ 0.02  0.01 -0.01 -0.01  0.04  0.02  1.   -0.01]
 [ 0.01 -0.03  0.03 -0.06  0.04 -0.02 -0.01  1.  ]]

Matriz de correlação de Pearson:
[[ 1.    0.01  0.    0.07  0.01  0.02  0.02  0.01]
 [ 0.01  1.   -0.01  0.02  0.04  0.01  0.01 -0.03]
 [ 0.   -0.01  1.    0.04  0.04 -0.   -0.01  0.03]
 [ 0.07  0.02  0.04  1.    0.02 -0.05 -0.01 -0.06]
 [ 0.01  0.04  0.04  0.02  1.   -0.04  0.04  0.04]
 [ 0.02  0.01 -0.   -0.05 -0.04  1.    0.02 -0.02]
 [ 0.02  0.01 -0.01 -0.01  0.04  0.02  1.   -0.01]
 [ 0.01 -0.03  0.03 -0.06  0.04 -0.02 -0.01  1.  ]]

Autovalores:
[ 0.14  0.14  0.13  0.13  0.12  0.12  0.11  0.11]

Soma dos dois primeiros:
0.28
