
*** Teste para 7 agentes ***


Matriz de covariância:
[[ 1.   -0.08 -0.3  -0.13 -0.77  0.24 -0.38 -0.2 ]
 [-0.08  1.    0.5  -0.69  0.4  -0.59  0.16  0.25]
 [-0.3   0.5   1.   -0.44  0.71 -0.36  0.24  0.33]
 [-0.13 -0.69 -0.44  1.   -0.41  0.85  0.24  0.28]
 [-0.77  0.4   0.71 -0.41  1.   -0.55  0.05  0.12]
 [ 0.24 -0.59 -0.36  0.85 -0.55  1.   -0.08  0.49]
 [-0.38  0.16  0.24  0.24  0.05 -0.08  1.    0.18]
 [-0.2   0.25  0.33  0.28  0.12  0.49  0.18  1.  ]]

Matriz de correlação de Pearson:
[[ 1.   -0.08 -0.3  -0.13 -0.77  0.24 -0.38 -0.2 ]
 [-0.08  1.    0.5  -0.69  0.4  -0.59  0.16  0.25]
 [-0.3   0.5   1.   -0.44  0.71 -0.36  0.24  0.33]
 [-0.13 -0.69 -0.44  1.   -0.41  0.85  0.24  0.28]
 [-0.77  0.4   0.71 -0.41  1.   -0.55  0.05  0.12]
 [ 0.24 -0.59 -0.36  0.85 -0.55  1.   -0.08  0.49]
 [-0.38  0.16  0.24  0.24  0.05 -0.08  1.    0.18]
 [-0.2   0.25  0.33  0.28  0.12  0.49  0.18  1.  ]]

Autovalores:
[ 0.42  0.25  0.15  0.11  0.06  0.01  0.    0.  ]

Variância dos Autovalores:
0.02

Soma dos dois primeiros:
0.67

*** Teste para 10 agentes ***


Matriz de covariância:
[[ 1.    0.54  0.11  0.62  0.65  0.19  0.23  0.07]
 [ 0.54  1.    0.15  0.36  0.13  0.36  0.6   0.13]
 [ 0.11  0.15  1.    0.22  0.49 -0.2  -0.52 -0.28]
 [ 0.62  0.36  0.22  1.    0.44  0.28  0.04  0.06]
 [ 0.65  0.13  0.49  0.44  1.   -0.48 -0.11 -0.34]
 [ 0.19  0.36 -0.2   0.28 -0.48  1.    0.26  0.34]
 [ 0.23  0.6  -0.52  0.04 -0.11  0.26  1.   -0.09]
 [ 0.07  0.13 -0.28  0.06 -0.34  0.34 -0.09  1.  ]]

Matriz de correlação de Pearson:
[[ 1.    0.54  0.11  0.62  0.65  0.19  0.23  0.07]
 [ 0.54  1.    0.15  0.36  0.13  0.36  0.6   0.13]
 [ 0.11  0.15  1.    0.22  0.49 -0.2  -0.52 -0.28]
 [ 0.62  0.36  0.22  1.    0.44  0.28  0.04  0.06]
 [ 0.65  0.13  0.49  0.44  1.   -0.48 -0.11 -0.34]
 [ 0.19  0.36 -0.2   0.28 -0.48  1.    0.26  0.34]
 [ 0.23  0.6  -0.52  0.04 -0.11  0.26  1.   -0.09]
 [ 0.07  0.13 -0.28  0.06 -0.34  0.34 -0.09  1.  ]]

Autovalores:
[ 0.33  0.29  0.16  0.1   0.08  0.04  0.01  0.  ]

Variância dos Autovalores:
0.01

Soma dos dois primeiros:
0.61

*** Teste para 15 agentes ***


Matriz de covariância:
[[ 1.   -0.13  0.02  0.06  0.13 -0.34 -0.42 -0.07]
 [-0.13  1.    0.09 -0.16 -0.08  0.33 -0.26  0.07]
 [ 0.02  0.09  1.    0.59 -0.54 -0.22  0.11 -0.28]
 [ 0.06 -0.16  0.59  1.   -0.44 -0.04 -0.   -0.57]
 [ 0.13 -0.08 -0.54 -0.44  1.    0.24 -0.32  0.38]
 [-0.34  0.33 -0.22 -0.04  0.24  1.   -0.02 -0.08]
 [-0.42 -0.26  0.11 -0.   -0.32 -0.02  1.   -0.17]
 [-0.07  0.07 -0.28 -0.57  0.38 -0.08 -0.17  1.  ]]

Matriz de correlação de Pearson:
[[ 1.   -0.13  0.02  0.06  0.13 -0.34 -0.42 -0.07]
 [-0.13  1.    0.09 -0.16 -0.08  0.33 -0.26  0.07]
 [ 0.02  0.09  1.    0.59 -0.54 -0.22  0.11 -0.28]
 [ 0.06 -0.16  0.59  1.   -0.44 -0.04 -0.   -0.57]
 [ 0.13 -0.08 -0.54 -0.44  1.    0.24 -0.32  0.38]
 [-0.34  0.33 -0.22 -0.04  0.24  1.   -0.02 -0.08]
 [-0.42 -0.26  0.11 -0.   -0.32 -0.02  1.   -0.17]
 [-0.07  0.07 -0.28 -0.57  0.38 -0.08 -0.17  1.  ]]

Autovalores:
[ 0.31  0.2   0.17  0.13  0.08  0.05  0.04  0.02]

Variância dos Autovalores:
0.01

Soma dos dois primeiros:
0.51

*** Teste para 20 agentes ***


Matriz de covariância:
[[ 1.   -0.03 -0.19  0.45  0.23 -0.05  0.27 -0.11]
 [-0.03  1.   -0.03 -0.    0.58 -0.29 -0.1   0.32]
 [-0.19 -0.03  1.   -0.22 -0.14 -0.1  -0.2  -0.23]
 [ 0.45 -0.   -0.22  1.    0.31 -0.23  0.18  0.19]
 [ 0.23  0.58 -0.14  0.31  1.   -0.49 -0.13  0.42]
 [-0.05 -0.29 -0.1  -0.23 -0.49  1.    0.26 -0.3 ]
 [ 0.27 -0.1  -0.2   0.18 -0.13  0.26  1.    0.12]
 [-0.11  0.32 -0.23  0.19  0.42 -0.3   0.12  1.  ]]

Matriz de correlação de Pearson:
[[ 1.   -0.03 -0.19  0.45  0.23 -0.05  0.27 -0.11]
 [-0.03  1.   -0.03 -0.    0.58 -0.29 -0.1   0.32]
 [-0.19 -0.03  1.   -0.22 -0.14 -0.1  -0.2  -0.23]
 [ 0.45 -0.   -0.22  1.    0.31 -0.23  0.18  0.19]
 [ 0.23  0.58 -0.14  0.31  1.   -0.49 -0.13  0.42]
 [-0.05 -0.29 -0.1  -0.23 -0.49  1.    0.26 -0.3 ]
 [ 0.27 -0.1  -0.2   0.18 -0.13  0.26  1.    0.12]
 [-0.11  0.32 -0.23  0.19  0.42 -0.3   0.12  1.  ]]

Autovalores:
[ 0.3   0.22  0.14  0.1   0.1   0.06  0.05  0.04]

Variância dos Autovalores:
0.01

Soma dos dois primeiros:
0.52

*** Teste para 25 agentes ***


Matriz de covariância:
[[ 1.   -0.02 -0.07 -0.04 -0.39 -0.17 -0.13 -0.35]
 [-0.02  1.    0.15  0.11  0.16 -0.14 -0.14 -0.26]
 [-0.07  0.15  1.    0.26  0.34 -0.08  0.1   0.24]
 [-0.04  0.11  0.26  1.   -0.12 -0.41 -0.12 -0.09]
 [-0.39  0.16  0.34 -0.12  1.    0.05  0.    0.12]
 [-0.17 -0.14 -0.08 -0.41  0.05  1.   -0.   -0.19]
 [-0.13 -0.14  0.1  -0.12  0.   -0.    1.    0.14]
 [-0.35 -0.26  0.24 -0.09  0.12 -0.19  0.14  1.  ]]

Matriz de correlação de Pearson:
[[ 1.   -0.02 -0.07 -0.04 -0.39 -0.17 -0.13 -0.35]
 [-0.02  1.    0.15  0.11  0.16 -0.14 -0.14 -0.26]
 [-0.07  0.15  1.    0.26  0.34 -0.08  0.1   0.24]
 [-0.04  0.11  0.26  1.   -0.12 -0.41 -0.12 -0.09]
 [-0.39  0.16  0.34 -0.12  1.    0.05  0.    0.12]
 [-0.17 -0.14 -0.08 -0.41  0.05  1.   -0.   -0.19]
 [-0.13 -0.14  0.1  -0.12  0.   -0.    1.    0.14]
 [-0.35 -0.26  0.24 -0.09  0.12 -0.19  0.14  1.  ]]

Autovalores:
[ 0.22  0.2   0.16  0.12  0.1   0.1   0.07  0.02]

Variância dos Autovalores:
0.0

Soma dos dois primeiros:
0.43

*** Teste para 30 agentes ***


Matriz de covariância:
[[ 1.   -0.16  0.    0.09 -0.1  -0.06  0.11  0.21]
 [-0.16  1.   -0.1  -0.11 -0.05 -0.05  0.29 -0.15]
 [ 0.   -0.1   1.   -0.12  0.34  0.17  0.33 -0.08]
 [ 0.09 -0.11 -0.12  1.    0.03  0.41  0.06 -0.25]
 [-0.1  -0.05  0.34  0.03  1.    0.33  0.37  0.  ]
 [-0.06 -0.05  0.17  0.41  0.33  1.    0.03 -0.25]
 [ 0.11  0.29  0.33  0.06  0.37  0.03  1.   -0.21]
 [ 0.21 -0.15 -0.08 -0.25  0.   -0.25 -0.21  1.  ]]

Matriz de correlação de Pearson:
[[ 1.   -0.16  0.    0.09 -0.1  -0.06  0.11  0.21]
 [-0.16  1.   -0.1  -0.11 -0.05 -0.05  0.29 -0.15]
 [ 0.   -0.1   1.   -0.12  0.34  0.17  0.33 -0.08]
 [ 0.09 -0.11 -0.12  1.    0.03  0.41  0.06 -0.25]
 [-0.1  -0.05  0.34  0.03  1.    0.33  0.37  0.  ]
 [-0.06 -0.05  0.17  0.41  0.33  1.    0.03 -0.25]
 [ 0.11  0.29  0.33  0.06  0.37  0.03  1.   -0.21]
 [ 0.21 -0.15 -0.08 -0.25  0.   -0.25 -0.21  1.  ]]

Autovalores:
[ 0.24  0.18  0.17  0.14  0.1   0.07  0.06  0.04]

Variância dos Autovalores:
0.0

Soma dos dois primeiros:
0.42

*** Teste para 35 agentes ***


Matriz de covariância:
[[ 1.    0.16 -0.43 -0.31 -0.07 -0.03  0.12 -0.03]
 [ 0.16  1.   -0.01 -0.22 -0.16  0.15 -0.18  0.17]
 [-0.43 -0.01  1.    0.18 -0.11  0.12 -0.06 -0.24]
 [-0.31 -0.22  0.18  1.    0.4   0.07 -0.09 -0.01]
 [-0.07 -0.16 -0.11  0.4   1.   -0.02 -0.18 -0.03]
 [-0.03  0.15  0.12  0.07 -0.02  1.    0.21  0.04]
 [ 0.12 -0.18 -0.06 -0.09 -0.18  0.21  1.   -0.17]
 [-0.03  0.17 -0.24 -0.01 -0.03  0.04 -0.17  1.  ]]

Matriz de correlação de Pearson:
[[ 1.    0.16 -0.43 -0.31 -0.07 -0.03  0.12 -0.03]
 [ 0.16  1.   -0.01 -0.22 -0.16  0.15 -0.18  0.17]
 [-0.43 -0.01  1.    0.18 -0.11  0.12 -0.06 -0.24]
 [-0.31 -0.22  0.18  1.    0.4   0.07 -0.09 -0.01]
 [-0.07 -0.16 -0.11  0.4   1.   -0.02 -0.18 -0.03]
 [-0.03  0.15  0.12  0.07 -0.02  1.    0.21  0.04]
 [ 0.12 -0.18 -0.06 -0.09 -0.18  0.21  1.   -0.17]
 [-0.03  0.17 -0.24 -0.01 -0.03  0.04 -0.17  1.  ]]

Autovalores:
[ 0.23  0.18  0.16  0.14  0.11  0.07  0.06  0.05]

Variância dos Autovalores:
0.0

Soma dos dois primeiros:
0.4

*** Teste para 40 agentes ***


Matriz de covariância:
[[ 1.   -0.47  0.21  0.26  0.09 -0.11 -0.07 -0.12]
 [-0.47  1.   -0.13 -0.04 -0.09 -0.06 -0.02 -0.07]
 [ 0.21 -0.13  1.    0.09 -0.04  0.1  -0.05  0.05]
 [ 0.26 -0.04  0.09  1.   -0.16  0.14 -0.22  0.07]
 [ 0.09 -0.09 -0.04 -0.16  1.   -0.17 -0.06 -0.15]
 [-0.11 -0.06  0.1   0.14 -0.17  1.   -0.3   0.14]
 [-0.07 -0.02 -0.05 -0.22 -0.06 -0.3   1.   -0.02]
 [-0.12 -0.07  0.05  0.07 -0.15  0.14 -0.02  1.  ]]

Matriz de correlação de Pearson:
[[ 1.   -0.47  0.21  0.26  0.09 -0.11 -0.07 -0.12]
 [-0.47  1.   -0.13 -0.04 -0.09 -0.06 -0.02 -0.07]
 [ 0.21 -0.13  1.    0.09 -0.04  0.1  -0.05  0.05]
 [ 0.26 -0.04  0.09  1.   -0.16  0.14 -0.22  0.07]
 [ 0.09 -0.09 -0.04 -0.16  1.   -0.17 -0.06 -0.15]
 [-0.11 -0.06  0.1   0.14 -0.17  1.   -0.3   0.14]
 [-0.07 -0.02 -0.05 -0.22 -0.06 -0.3   1.   -0.02]
 [-0.12 -0.07  0.05  0.07 -0.15  0.14 -0.02  1.  ]]

Autovalores:
[ 0.21  0.19  0.14  0.12  0.11  0.1   0.07  0.05]

Variância dos Autovalores:
0.0

Soma dos dois primeiros:
0.41

*** Teste para 45 agentes ***


Matriz de covariância:
[[ 1.    0.15  0.15 -0.03 -0.09 -0.08 -0.1  -0.22]
 [ 0.15  1.    0.13 -0.15  0.17  0.09 -0.27  0.08]
 [ 0.15  0.13  1.    0.11  0.01  0.14 -0.09  0.01]
 [-0.03 -0.15  0.11  1.   -0.07  0.    0.04  0.25]
 [-0.09  0.17  0.01 -0.07  1.    0.08 -0.26 -0.03]
 [-0.08  0.09  0.14  0.    0.08  1.   -0.02  0.08]
 [-0.1  -0.27 -0.09  0.04 -0.26 -0.02  1.    0.34]
 [-0.22  0.08  0.01  0.25 -0.03  0.08  0.34  1.  ]]

Matriz de correlação de Pearson:
[[ 1.    0.15  0.15 -0.03 -0.09 -0.08 -0.1  -0.22]
 [ 0.15  1.    0.13 -0.15  0.17  0.09 -0.27  0.08]
 [ 0.15  0.13  1.    0.11  0.01  0.14 -0.09  0.01]
 [-0.03 -0.15  0.11  1.   -0.07  0.    0.04  0.25]
 [-0.09  0.17  0.01 -0.07  1.    0.08 -0.26 -0.03]
 [-0.08  0.09  0.14  0.    0.08  1.   -0.02  0.08]
 [-0.1  -0.27 -0.09  0.04 -0.26 -0.02  1.    0.34]
 [-0.22  0.08  0.01  0.25 -0.03  0.08  0.34  1.  ]]

Autovalores:
[ 0.21  0.17  0.15  0.12  0.12  0.09  0.09  0.05]

Variância dos Autovalores:
0.0

Soma dos dois primeiros:
0.38

*** Teste para 50 agentes ***


Matriz de covariância:
[[ 1.    0.05 -0.    0.03  0.02  0.03  0.14 -0.24]
 [ 0.05  1.    0.21  0.06 -0.12 -0.12 -0.03  0.03]
 [-0.    0.21  1.    0.28 -0.01  0.01  0.08  0.07]
 [ 0.03  0.06  0.28  1.   -0.1  -0.04 -0.09 -0.09]
 [ 0.02 -0.12 -0.01 -0.1   1.   -0.01  0.11  0.05]
 [ 0.03 -0.12  0.01 -0.04 -0.01  1.   -0.12 -0.02]
 [ 0.14 -0.03  0.08 -0.09  0.11 -0.12  1.    0.01]
 [-0.24  0.03  0.07 -0.09  0.05 -0.02  0.01  1.  ]]

Matriz de correlação de Pearson:
[[ 1.    0.05 -0.    0.03  0.02  0.03  0.14 -0.24]
 [ 0.05  1.    0.21  0.06 -0.12 -0.12 -0.03  0.03]
 [-0.    0.21  1.    0.28 -0.01  0.01  0.08  0.07]
 [ 0.03  0.06  0.28  1.   -0.1  -0.04 -0.09 -0.09]
 [ 0.02 -0.12 -0.01 -0.1   1.   -0.01  0.11  0.05]
 [ 0.03 -0.12  0.01 -0.04 -0.01  1.   -0.12 -0.02]
 [ 0.14 -0.03  0.08 -0.09  0.11 -0.12  1.    0.01]
 [-0.24  0.03  0.07 -0.09  0.05 -0.02  0.01  1.  ]]

Autovalores:
[ 0.18  0.16  0.15  0.13  0.12  0.1   0.09  0.07]

Variância dos Autovalores:
0.0

Soma dos dois primeiros:
0.34

*** Teste para 100 agentes ***


Matriz de covariância:
[[ 1.    0.14 -0.1   0.12  0.01 -0.01 -0.03  0.02]
 [ 0.14  1.    0.07  0.01 -0.11  0.05 -0.17  0.11]
 [-0.1   0.07  1.   -0.1  -0.08 -0.04 -0.07 -0.14]
 [ 0.12  0.01 -0.1   1.   -0.06  0.12  0.14  0.12]
 [ 0.01 -0.11 -0.08 -0.06  1.    0.07  0.02  0.06]
 [-0.01  0.05 -0.04  0.12  0.07  1.    0.01 -0.12]
 [-0.03 -0.17 -0.07  0.14  0.02  0.01  1.   -0.03]
 [ 0.02  0.11 -0.14  0.12  0.06 -0.12 -0.03  1.  ]]

Matriz de correlação de Pearson:
[[ 1.    0.14 -0.1   0.12  0.01 -0.01 -0.03  0.02]
 [ 0.14  1.    0.07  0.01 -0.11  0.05 -0.17  0.11]
 [-0.1   0.07  1.   -0.1  -0.08 -0.04 -0.07 -0.14]
 [ 0.12  0.01 -0.1   1.   -0.06  0.12  0.14  0.12]
 [ 0.01 -0.11 -0.08 -0.06  1.    0.07  0.02  0.06]
 [-0.01  0.05 -0.04  0.12  0.07  1.    0.01 -0.12]
 [-0.03 -0.17 -0.07  0.14  0.02  0.01  1.   -0.03]
 [ 0.02  0.11 -0.14  0.12  0.06 -0.12 -0.03  1.  ]]

Autovalores:
[ 0.17  0.16  0.14  0.13  0.12  0.11  0.09  0.08]

Variância dos Autovalores:
0.0

Soma dos dois primeiros:
0.33

*** Teste para 150 agentes ***


Matriz de covariância:
[[ 1.    0.03 -0.07 -0.16  0.01  0.05 -0.1  -0.01]
 [ 0.03  1.   -0.01  0.05 -0.06 -0.03  0.03  0.04]
 [-0.07 -0.01  1.   -0.05  0.06  0.09  0.08 -0.02]
 [-0.16  0.05 -0.05  1.   -0.09  0.04  0.07  0.04]
 [ 0.01 -0.06  0.06 -0.09  1.   -0.05  0.02  0.06]
 [ 0.05 -0.03  0.09  0.04 -0.05  1.   -0.03  0.03]
 [-0.1   0.03  0.08  0.07  0.02 -0.03  1.   -0.02]
 [-0.01  0.04 -0.02  0.04  0.06  0.03 -0.02  1.  ]]

Matriz de correlação de Pearson:
[[ 1.    0.03 -0.07 -0.16  0.01  0.05 -0.1  -0.01]
 [ 0.03  1.   -0.01  0.05 -0.06 -0.03  0.03  0.04]
 [-0.07 -0.01  1.   -0.05  0.06  0.09  0.08 -0.02]
 [-0.16  0.05 -0.05  1.   -0.09  0.04  0.07  0.04]
 [ 0.01 -0.06  0.06 -0.09  1.   -0.05  0.02  0.06]
 [ 0.05 -0.03  0.09  0.04 -0.05  1.   -0.03  0.03]
 [-0.1   0.03  0.08  0.07  0.02 -0.03  1.   -0.02]
 [-0.01  0.04 -0.02  0.04  0.06  0.03 -0.02  1.  ]]

Autovalores:
[ 0.16  0.14  0.14  0.13  0.13  0.11  0.1   0.09]

Variância dos Autovalores:
0.0

Soma dos dois primeiros:
0.3

*** Teste para 200 agentes ***


Matriz de covariância:
[[ 1.   -0.01 -0.07  0.07 -0.06 -0.02 -0.11 -0.12]
 [-0.01  1.    0.14  0.09  0.06  0.11  0.04  0.02]
 [-0.07  0.14  1.    0.08 -0.02 -0.05  0.09  0.01]
 [ 0.07  0.09  0.08  1.   -0.13  0.09  0.07 -0.1 ]
 [-0.06  0.06 -0.02 -0.13  1.    0.05  0.04 -0.06]
 [-0.02  0.11 -0.05  0.09  0.05  1.    0.08  0.01]
 [-0.11  0.04  0.09  0.07  0.04  0.08  1.    0.07]
 [-0.12  0.02  0.01 -0.1  -0.06  0.01  0.07  1.  ]]

Matriz de correlação de Pearson:
[[ 1.   -0.01 -0.07  0.07 -0.06 -0.02 -0.11 -0.12]
 [-0.01  1.    0.14  0.09  0.06  0.11  0.04  0.02]
 [-0.07  0.14  1.    0.08 -0.02 -0.05  0.09  0.01]
 [ 0.07  0.09  0.08  1.   -0.13  0.09  0.07 -0.1 ]
 [-0.06  0.06 -0.02 -0.13  1.    0.05  0.04 -0.06]
 [-0.02  0.11 -0.05  0.09  0.05  1.    0.08  0.01]
 [-0.11  0.04  0.09  0.07  0.04  0.08  1.    0.07]
 [-0.12  0.02  0.01 -0.1  -0.06  0.01  0.07  1.  ]]

Autovalores:
[ 0.16  0.15  0.14  0.13  0.12  0.11  0.1   0.09]

Variância dos Autovalores:
0.0

Soma dos dois primeiros:
0.32

*** Teste para 250 agentes ***


Matriz de covariância:
[[ 1.    0.02  0.02 -0.   -0.07 -0.14  0.07  0.01]
 [ 0.02  1.   -0.12  0.02 -0.07  0.03 -0.13  0.09]
 [ 0.02 -0.12  1.   -0.07 -0.04 -0.01 -0.03  0.  ]
 [-0.    0.02 -0.07  1.    0.05 -0.04 -0.02  0.  ]
 [-0.07 -0.07 -0.04  0.05  1.    0.07  0.12 -0.09]
 [-0.14  0.03 -0.01 -0.04  0.07  1.    0.05  0.05]
 [ 0.07 -0.13 -0.03 -0.02  0.12  0.05  1.    0.07]
 [ 0.01  0.09  0.    0.   -0.09  0.05  0.07  1.  ]]

Matriz de correlação de Pearson:
[[ 1.    0.02  0.02 -0.   -0.07 -0.14  0.07  0.01]
 [ 0.02  1.   -0.12  0.02 -0.07  0.03 -0.13  0.09]
 [ 0.02 -0.12  1.   -0.07 -0.04 -0.01 -0.03  0.  ]
 [-0.    0.02 -0.07  1.    0.05 -0.04 -0.02  0.  ]
 [-0.07 -0.07 -0.04  0.05  1.    0.07  0.12 -0.09]
 [-0.14  0.03 -0.01 -0.04  0.07  1.    0.05  0.05]
 [ 0.07 -0.13 -0.03 -0.02  0.12  0.05  1.    0.07]
 [ 0.01  0.09  0.    0.   -0.09  0.05  0.07  1.  ]]

Autovalores:
[ 0.15  0.15  0.14  0.14  0.12  0.11  0.1   0.09]

Variância dos Autovalores:
0.0

Soma dos dois primeiros:
0.3

*** Teste para 300 agentes ***


Matriz de covariância:
[[ 1.   -0.03 -0.   -0.   -0.12 -0.15 -0.   -0.04]
 [-0.03  1.    0.04 -0.03 -0.07  0.03  0.    0.02]
 [-0.    0.04  1.    0.05  0.02  0.    0.01  0.03]
 [-0.   -0.03  0.05  1.    0.06  0.06 -0.12 -0.  ]
 [-0.12 -0.07  0.02  0.06  1.   -0.12  0.01  0.05]
 [-0.15  0.03  0.    0.06 -0.12  1.   -0.12  0.04]
 [-0.    0.    0.01 -0.12  0.01 -0.12  1.    0.  ]
 [-0.04  0.02  0.03 -0.    0.05  0.04  0.    1.  ]]

Matriz de correlação de Pearson:
[[ 1.   -0.03 -0.   -0.   -0.12 -0.15 -0.   -0.04]
 [-0.03  1.    0.04 -0.03 -0.07  0.03  0.    0.02]
 [-0.    0.04  1.    0.05  0.02  0.    0.01  0.03]
 [-0.   -0.03  0.05  1.    0.06  0.06 -0.12 -0.  ]
 [-0.12 -0.07  0.02  0.06  1.   -0.12  0.01  0.05]
 [-0.15  0.03  0.    0.06 -0.12  1.   -0.12  0.04]
 [-0.    0.    0.01 -0.12  0.01 -0.12  1.    0.  ]
 [-0.04  0.02  0.03 -0.    0.05  0.04  0.    1.  ]]

Autovalores:
[ 0.16  0.15  0.14  0.13  0.12  0.11  0.11  0.09]

Variância dos Autovalores:
0.0

Soma dos dois primeiros:
0.3

*** Teste para 350 agentes ***


Matriz de covariância:
[[ 1.    0.03 -0.    0.01 -0.    0.07 -0.   -0.03]
 [ 0.03  1.    0.03 -0.09  0.    0.03  0.03 -0.05]
 [-0.    0.03  1.    0.01  0.02 -0.06  0.09  0.05]
 [ 0.01 -0.09  0.01  1.    0.05  0.01 -0.1   0.03]
 [-0.    0.    0.02  0.05  1.    0.01 -0.05  0.05]
 [ 0.07  0.03 -0.06  0.01  0.01  1.    0.04 -0.02]
 [-0.    0.03  0.09 -0.1  -0.05  0.04  1.   -0.02]
 [-0.03 -0.05  0.05  0.03  0.05 -0.02 -0.02  1.  ]]

Matriz de correlação de Pearson:
[[ 1.    0.03 -0.    0.01 -0.    0.07 -0.   -0.03]
 [ 0.03  1.    0.03 -0.09  0.    0.03  0.03 -0.05]
 [-0.    0.03  1.    0.01  0.02 -0.06  0.09  0.05]
 [ 0.01 -0.09  0.01  1.    0.05  0.01 -0.1   0.03]
 [-0.    0.    0.02  0.05  1.    0.01 -0.05  0.05]
 [ 0.07  0.03 -0.06  0.01  0.01  1.    0.04 -0.02]
 [-0.    0.03  0.09 -0.1  -0.05  0.04  1.   -0.02]
 [-0.03 -0.05  0.05  0.03  0.05 -0.02 -0.02  1.  ]]

Autovalores:
[ 0.15  0.14  0.13  0.12  0.12  0.12  0.11  0.1 ]

Variância dos Autovalores:
0.0

Soma dos dois primeiros:
0.29

*** Teste para 400 agentes ***


Matriz de covariância:
[[ 1.    0.01  0.02  0.04  0.03 -0.02  0.07 -0.05]
 [ 0.01  1.    0.05  0.03  0.02  0.   -0.04  0.08]
 [ 0.02  0.05  1.   -0.    0.02 -0.05  0.04  0.03]
 [ 0.04  0.03 -0.    1.    0.02 -0.03  0.02 -0.02]
 [ 0.03  0.02  0.02  0.02  1.    0.1   0.05  0.02]
 [-0.02  0.   -0.05 -0.03  0.1   1.   -0.09  0.03]
 [ 0.07 -0.04  0.04  0.02  0.05 -0.09  1.   -0.  ]
 [-0.05  0.08  0.03 -0.02  0.02  0.03 -0.    1.  ]]

Matriz de correlação de Pearson:
[[ 1.    0.01  0.02  0.04  0.03 -0.02  0.07 -0.05]
 [ 0.01  1.    0.05  0.03  0.02  0.   -0.04  0.08]
 [ 0.02  0.05  1.   -0.    0.02 -0.05  0.04  0.03]
 [ 0.04  0.03 -0.    1.    0.02 -0.03  0.02 -0.02]
 [ 0.03  0.02  0.02  0.02  1.    0.1   0.05  0.02]
 [-0.02  0.   -0.05 -0.03  0.1   1.   -0.09  0.03]
 [ 0.07 -0.04  0.04  0.02  0.05 -0.09  1.   -0.  ]
 [-0.05  0.08  0.03 -0.02  0.02  0.03 -0.    1.  ]]

Autovalores:
[ 0.15  0.14  0.14  0.13  0.12  0.12  0.11  0.1 ]

Variância dos Autovalores:
0.0

Soma dos dois primeiros:
0.29

*** Teste para 450 agentes ***


Matriz de covariância:
[[ 1.   -0.12  0.04  0.03  0.06  0.03  0.02 -0.04]
 [-0.12  1.    0.01  0.01 -0.02  0.03  0.06  0.02]
 [ 0.04  0.01  1.   -0.03 -0.   -0.01  0.05  0.01]
 [ 0.03  0.01 -0.03  1.    0.03  0.02 -0.07 -0.01]
 [ 0.06 -0.02 -0.    0.03  1.    0.06  0.08  0.01]
 [ 0.03  0.03 -0.01  0.02  0.06  1.   -0.05  0.02]
 [ 0.02  0.06  0.05 -0.07  0.08 -0.05  1.   -0.  ]
 [-0.04  0.02  0.01 -0.01  0.01  0.02 -0.    1.  ]]

Matriz de correlação de Pearson:
[[ 1.   -0.12  0.04  0.03  0.06  0.03  0.02 -0.04]
 [-0.12  1.    0.01  0.01 -0.02  0.03  0.06  0.02]
 [ 0.04  0.01  1.   -0.03 -0.   -0.01  0.05  0.01]
 [ 0.03  0.01 -0.03  1.    0.03  0.02 -0.07 -0.01]
 [ 0.06 -0.02 -0.    0.03  1.    0.06  0.08  0.01]
 [ 0.03  0.03 -0.01  0.02  0.06  1.   -0.05  0.02]
 [ 0.02  0.06  0.05 -0.07  0.08 -0.05  1.   -0.  ]
 [-0.04  0.02  0.01 -0.01  0.01  0.02 -0.    1.  ]]

Autovalores:
[ 0.15  0.14  0.14  0.13  0.12  0.12  0.11  0.1 ]

Variância dos Autovalores:
0.0

Soma dos dois primeiros:
0.29

*** Teste para 500 agentes ***


Matriz de covariância:
[[ 1.   -0.02 -0.04  0.   -0.04 -0.05  0.07  0.04]
 [-0.02  1.   -0.   -0.08 -0.04  0.   -0.04  0.02]
 [-0.04 -0.    1.    0.03  0.07  0.02 -0.03 -0.07]
 [ 0.   -0.08  0.03  1.   -0.03  0.02 -0.02 -0.07]
 [-0.04 -0.04  0.07 -0.03  1.   -0.05  0.03 -0.03]
 [-0.05  0.    0.02  0.02 -0.05  1.   -0.08 -0.04]
 [ 0.07 -0.04 -0.03 -0.02  0.03 -0.08  1.    0.05]
 [ 0.04  0.02 -0.07 -0.07 -0.03 -0.04  0.05  1.  ]]

Matriz de correlação de Pearson:
[[ 1.   -0.02 -0.04  0.   -0.04 -0.05  0.07  0.04]
 [-0.02  1.   -0.   -0.08 -0.04  0.   -0.04  0.02]
 [-0.04 -0.    1.    0.03  0.07  0.02 -0.03 -0.07]
 [ 0.   -0.08  0.03  1.   -0.03  0.02 -0.02 -0.07]
 [-0.04 -0.04  0.07 -0.03  1.   -0.05  0.03 -0.03]
 [-0.05  0.    0.02  0.02 -0.05  1.   -0.08 -0.04]
 [ 0.07 -0.04 -0.03 -0.02  0.03 -0.08  1.    0.05]
 [ 0.04  0.02 -0.07 -0.07 -0.03 -0.04  0.05  1.  ]]

Autovalores:
[ 0.15  0.14  0.14  0.12  0.12  0.11  0.11  0.11]

Variância dos Autovalores:
0.0

Soma dos dois primeiros:
0.29

*** Teste para 1000 agentes ***


Matriz de covariância:
[[ 1.   -0.03  0.03 -0.01  0.05  0.03 -0.04 -0.07]
 [-0.03  1.    0.02  0.05 -0.04 -0.01  0.01 -0.01]
 [ 0.03  0.02  1.   -0.02  0.02 -0.02 -0.04  0.02]
 [-0.01  0.05 -0.02  1.   -0.03  0.01 -0.02  0.02]
 [ 0.05 -0.04  0.02 -0.03  1.   -0.01 -0.05 -0.01]
 [ 0.03 -0.01 -0.02  0.01 -0.01  1.    0.03  0.05]
 [-0.04  0.01 -0.04 -0.02 -0.05  0.03  1.    0.02]
 [-0.07 -0.01  0.02  0.02 -0.01  0.05  0.02  1.  ]]

Matriz de correlação de Pearson:
[[ 1.   -0.03  0.03 -0.01  0.05  0.03 -0.04 -0.07]
 [-0.03  1.    0.02  0.05 -0.04 -0.01  0.01 -0.01]
 [ 0.03  0.02  1.   -0.02  0.02 -0.02 -0.04  0.02]
 [-0.01  0.05 -0.02  1.   -0.03  0.01 -0.02  0.02]
 [ 0.05 -0.04  0.02 -0.03  1.   -0.01 -0.05 -0.01]
 [ 0.03 -0.01 -0.02  0.01 -0.01  1.    0.03  0.05]
 [-0.04  0.01 -0.04 -0.02 -0.05  0.03  1.    0.02]
 [-0.07 -0.01  0.02  0.02 -0.01  0.05  0.02  1.  ]]

Autovalores:
[ 0.14  0.13  0.13  0.13  0.12  0.12  0.11  0.11]

Variância dos Autovalores:
0.0

Soma dos dois primeiros:
0.28
