
*** Teste 0 para 7 agentes ***


Matriz de covariância:
[[ 1.   -0.36  0.39  0.35 -0.5  -0.17  0.16 -0.23]
 [-0.36  1.   -0.38  0.34  0.51  0.24  0.59 -0.37]
 [ 0.39 -0.38  1.   -0.28 -0.21 -0.16 -0.39 -0.51]
 [ 0.35  0.34 -0.28  1.    0.49  0.62  0.47 -0.53]
 [-0.5   0.51 -0.21  0.49  1.    0.68 -0.08 -0.5 ]
 [-0.17  0.24 -0.16  0.62  0.68  1.    0.22 -0.48]
 [ 0.16  0.59 -0.39  0.47 -0.08  0.22  1.   -0.2 ]
 [-0.23 -0.37 -0.51 -0.53 -0.5  -0.48 -0.2   1.  ]]

Matriz de correlação de Pearson:
[[ 1.   -0.36  0.39  0.35 -0.5  -0.17  0.16 -0.23]
 [-0.36  1.   -0.38  0.34  0.51  0.24  0.59 -0.37]
 [ 0.39 -0.38  1.   -0.28 -0.21 -0.16 -0.39 -0.51]
 [ 0.35  0.34 -0.28  1.    0.49  0.62  0.47 -0.53]
 [-0.5   0.51 -0.21  0.49  1.    0.68 -0.08 -0.5 ]
 [-0.17  0.24 -0.16  0.62  0.68  1.    0.22 -0.48]
 [ 0.16  0.59 -0.39  0.47 -0.08  0.22  1.   -0.2 ]
 [-0.23 -0.37 -0.51 -0.53 -0.5  -0.48 -0.2   1.  ]]

Autovalores:
[ 0.40+0.j  0.24+0.j  0.19+0.j  0.11+0.j  0.05+0.j  0.01+0.j -0.00+0.j
 -0.00-0.j]

Variância dos Autovalores:
0.02

Soma dos dois primeiros:
0.64

*** Teste 1 para 7 agentes ***


Matriz de covariância:
[[ 1.   -0.58 -0.33 -0.28  0.54  0.24  0.46  0.4 ]
 [-0.58  1.   -0.3   0.33 -0.67 -0.72 -0.33 -0.67]
 [-0.33 -0.3   1.    0.45  0.41  0.37 -0.09  0.18]
 [-0.28  0.33  0.45  1.    0.41 -0.61  0.39 -0.17]
 [ 0.54 -0.67  0.41  0.41  1.    0.14  0.78  0.61]
 [ 0.24 -0.72  0.37 -0.61  0.14  1.   -0.26  0.43]
 [ 0.46 -0.33 -0.09  0.39  0.78 -0.26  1.    0.56]
 [ 0.4  -0.67  0.18 -0.17  0.61  0.43  0.56  1.  ]]

Matriz de correlação de Pearson:
[[ 1.   -0.58 -0.33 -0.28  0.54  0.24  0.46  0.4 ]
 [-0.58  1.   -0.3   0.33 -0.67 -0.72 -0.33 -0.67]
 [-0.33 -0.3   1.    0.45  0.41  0.37 -0.09  0.18]
 [-0.28  0.33  0.45  1.    0.41 -0.61  0.39 -0.17]
 [ 0.54 -0.67  0.41  0.41  1.    0.14  0.78  0.61]
 [ 0.24 -0.72  0.37 -0.61  0.14  1.   -0.26  0.43]
 [ 0.46 -0.33 -0.09  0.39  0.78 -0.26  1.    0.56]
 [ 0.4  -0.67  0.18 -0.17  0.61  0.43  0.56  1.  ]]

Autovalores:
[ 0.43  0.27  0.2   0.07  0.02  0.01  0.   -0.  ]

Variância dos Autovalores:
0.02

Soma dos dois primeiros:
0.7

*** Teste 2 para 7 agentes ***


Matriz de covariância:
[[ 1.   -0.08 -0.5  -0.04  0.51 -0.11  0.4   0.74]
 [-0.08  1.    0.56  0.68  0.22  0.06  0.37 -0.21]
 [-0.5   0.56  1.    0.47  0.22  0.01 -0.46 -0.85]
 [-0.04  0.68  0.47  1.    0.54  0.68  0.28 -0.28]
 [ 0.51  0.22  0.22  0.54  1.    0.15  0.15 -0.08]
 [-0.11  0.06  0.01  0.68  0.15  1.    0.19 -0.1 ]
 [ 0.4   0.37 -0.46  0.28  0.15  0.19  1.    0.49]
 [ 0.74 -0.21 -0.85 -0.28 -0.08 -0.1   0.49  1.  ]]

Matriz de correlação de Pearson:
[[ 1.   -0.08 -0.5  -0.04  0.51 -0.11  0.4   0.74]
 [-0.08  1.    0.56  0.68  0.22  0.06  0.37 -0.21]
 [-0.5   0.56  1.    0.47  0.22  0.01 -0.46 -0.85]
 [-0.04  0.68  0.47  1.    0.54  0.68  0.28 -0.28]
 [ 0.51  0.22  0.22  0.54  1.    0.15  0.15 -0.08]
 [-0.11  0.06  0.01  0.68  0.15  1.    0.19 -0.1 ]
 [ 0.4   0.37 -0.46  0.28  0.15  0.19  1.    0.49]
 [ 0.74 -0.21 -0.85 -0.28 -0.08 -0.1   0.49  1.  ]]

Autovalores:
[ 0.38  0.3   0.14  0.12  0.04  0.01  0.   -0.  ]

Variância dos Autovalores:
0.02

Soma dos dois primeiros:
0.68

*** Teste 3 para 7 agentes ***


Matriz de covariância:
[[ 1.   -0.44 -0.08 -0.25 -0.82  0.12 -0.58 -0.13]
 [-0.44  1.   -0.7  -0.05  0.33  0.09  0.21 -0.72]
 [-0.08 -0.7   1.   -0.17  0.01 -0.3   0.12  0.75]
 [-0.25 -0.05 -0.17  1.    0.47 -0.06  0.02  0.01]
 [-0.82  0.33  0.01  0.47  1.    0.29  0.33  0.09]
 [ 0.12  0.09 -0.3  -0.06  0.29  1.   -0.55  0.07]
 [-0.58  0.21  0.12  0.02  0.33 -0.55  1.   -0.2 ]
 [-0.13 -0.72  0.75  0.01  0.09  0.07 -0.2   1.  ]]

Matriz de correlação de Pearson:
[[ 1.   -0.44 -0.08 -0.25 -0.82  0.12 -0.58 -0.13]
 [-0.44  1.   -0.7  -0.05  0.33  0.09  0.21 -0.72]
 [-0.08 -0.7   1.   -0.17  0.01 -0.3   0.12  0.75]
 [-0.25 -0.05 -0.17  1.    0.47 -0.06  0.02  0.01]
 [-0.82  0.33  0.01  0.47  1.    0.29  0.33  0.09]
 [ 0.12  0.09 -0.3  -0.06  0.29  1.   -0.55  0.07]
 [-0.58  0.21  0.12  0.02  0.33 -0.55  1.   -0.2 ]
 [-0.13 -0.72  0.75  0.01  0.09  0.07 -0.2   1.  ]]

Autovalores:
[ 0.34  0.28  0.2   0.12  0.04  0.02  0.   -0.  ]

Variância dos Autovalores:
0.02

Soma dos dois primeiros:
0.62

*** Teste 4 para 7 agentes ***


Matriz de covariância:
[[ 1.    0.08 -0.43  0.4   0.79 -0.06 -0.04  0.22]
 [ 0.08  1.    0.26  0.01  0.07  0.44  0.6  -0.27]
 [-0.43  0.26  1.   -0.09 -0.69  0.62  0.17 -0.02]
 [ 0.4   0.01 -0.09  1.    0.17 -0.23  0.63  0.77]
 [ 0.79  0.07 -0.69  0.17  1.   -0.26  0.02  0.26]
 [-0.06  0.44  0.62 -0.23 -0.26  1.   -0.07 -0.3 ]
 [-0.04  0.6   0.17  0.63  0.02 -0.07  1.    0.49]
 [ 0.22 -0.27 -0.02  0.77  0.26 -0.3   0.49  1.  ]]

Matriz de correlação de Pearson:
[[ 1.    0.08 -0.43  0.4   0.79 -0.06 -0.04  0.22]
 [ 0.08  1.    0.26  0.01  0.07  0.44  0.6  -0.27]
 [-0.43  0.26  1.   -0.09 -0.69  0.62  0.17 -0.02]
 [ 0.4   0.01 -0.09  1.    0.17 -0.23  0.63  0.77]
 [ 0.79  0.07 -0.69  0.17  1.   -0.26  0.02  0.26]
 [-0.06  0.44  0.62 -0.23 -0.26  1.   -0.07 -0.3 ]
 [-0.04  0.6   0.17  0.63  0.02 -0.07  1.    0.49]
 [ 0.22 -0.27 -0.02  0.77  0.26 -0.3   0.49  1.  ]]

Autovalores:
[ 0.36  0.27  0.19  0.11  0.04  0.03  0.   -0.  ]

Variância dos Autovalores:
0.02

Soma dos dois primeiros:
0.63

*** Teste 5 para 7 agentes ***


Matriz de covariância:
[[ 1.   -0.29 -0.05  0.78  0.33  0.94 -0.27  0.26]
 [-0.29  1.   -0.05 -0.27 -0.66 -0.28  0.24 -0.09]
 [-0.05 -0.05  1.    0.   -0.2  -0.03  0.03  0.26]
 [ 0.78 -0.27  0.    1.    0.33  0.58 -0.75  0.72]
 [ 0.33 -0.66 -0.2   0.33  1.    0.37 -0.01 -0.18]
 [ 0.94 -0.28 -0.03  0.58  0.37  1.    0.03  0.03]
 [-0.27  0.24  0.03 -0.75 -0.01  0.03  1.   -0.89]
 [ 0.26 -0.09  0.26  0.72 -0.18  0.03 -0.89  1.  ]]

Matriz de correlação de Pearson:
[[ 1.   -0.29 -0.05  0.78  0.33  0.94 -0.27  0.26]
 [-0.29  1.   -0.05 -0.27 -0.66 -0.28  0.24 -0.09]
 [-0.05 -0.05  1.    0.   -0.2  -0.03  0.03  0.26]
 [ 0.78 -0.27  0.    1.    0.33  0.58 -0.75  0.72]
 [ 0.33 -0.66 -0.2   0.33  1.    0.37 -0.01 -0.18]
 [ 0.94 -0.28 -0.03  0.58  0.37  1.    0.03  0.03]
 [-0.27  0.24  0.03 -0.75 -0.01  0.03  1.   -0.89]
 [ 0.26 -0.09  0.26  0.72 -0.18  0.03 -0.89  1.  ]]

Autovalores:
[ 0.42  0.25  0.15  0.13  0.04  0.01  0.    0.  ]

Variância dos Autovalores:
0.02

Soma dos dois primeiros:
0.68

*** Teste 6 para 7 agentes ***


Matriz de covariância:
[[ 1.    0.77  0.2   0.2  -0.28  0.61 -0.5   0.82]
 [ 0.77  1.    0.36  0.22 -0.46  0.78 -0.5   0.66]
 [ 0.2   0.36  1.   -0.39  0.35  0.59 -0.04 -0.2 ]
 [ 0.2   0.22 -0.39  1.   -0.63  0.19  0.11  0.08]
 [-0.28 -0.46  0.35 -0.63  1.   -0.14  0.12 -0.25]
 [ 0.61  0.78  0.59  0.19 -0.14  1.    0.05  0.34]
 [-0.5  -0.5  -0.04  0.11  0.12  0.05  1.   -0.58]
 [ 0.82  0.66 -0.2   0.08 -0.25  0.34 -0.58  1.  ]]

Matriz de correlação de Pearson:
[[ 1.    0.77  0.2   0.2  -0.28  0.61 -0.5   0.82]
 [ 0.77  1.    0.36  0.22 -0.46  0.78 -0.5   0.66]
 [ 0.2   0.36  1.   -0.39  0.35  0.59 -0.04 -0.2 ]
 [ 0.2   0.22 -0.39  1.   -0.63  0.19  0.11  0.08]
 [-0.28 -0.46  0.35 -0.63  1.   -0.14  0.12 -0.25]
 [ 0.61  0.78  0.59  0.19 -0.14  1.    0.05  0.34]
 [-0.5  -0.5  -0.04  0.11  0.12  0.05  1.   -0.58]
 [ 0.82  0.66 -0.2   0.08 -0.25  0.34 -0.58  1.  ]]

Autovalores:
[ 0.44  0.24  0.18  0.07  0.04  0.02  0.   -0.  ]

Variância dos Autovalores:
0.02

Soma dos dois primeiros:
0.69

*** Teste 7 para 7 agentes ***


Matriz de covariância:
[[ 1.   -0.32 -0.17 -0.22 -0.47  0.03  0.44 -0.49]
 [-0.32  1.   -0.27  0.03  0.7  -0.67 -0.69  0.43]
 [-0.17 -0.27  1.   -0.11 -0.14 -0.02  0.14  0.28]
 [-0.22  0.03 -0.11  1.   -0.06 -0.02 -0.28 -0.54]
 [-0.47  0.7  -0.14 -0.06  1.   -0.81 -0.1   0.24]
 [ 0.03 -0.67 -0.02 -0.02 -0.81  1.    0.03 -0.03]
 [ 0.44 -0.69  0.14 -0.28 -0.1   0.03  1.   -0.5 ]
 [-0.49  0.43  0.28 -0.54  0.24 -0.03 -0.5   1.  ]]

Matriz de correlação de Pearson:
[[ 1.   -0.32 -0.17 -0.22 -0.47  0.03  0.44 -0.49]
 [-0.32  1.   -0.27  0.03  0.7  -0.67 -0.69  0.43]
 [-0.17 -0.27  1.   -0.11 -0.14 -0.02  0.14  0.28]
 [-0.22  0.03 -0.11  1.   -0.06 -0.02 -0.28 -0.54]
 [-0.47  0.7  -0.14 -0.06  1.   -0.81 -0.1   0.24]
 [ 0.03 -0.67 -0.02 -0.02 -0.81  1.    0.03 -0.03]
 [ 0.44 -0.69  0.14 -0.28 -0.1   0.03  1.   -0.5 ]
 [-0.49  0.43  0.28 -0.54  0.24 -0.03 -0.5   1.  ]]

Autovalores:
[ 0.38  0.21  0.19  0.13  0.08  0.    0.   -0.  ]

Variância dos Autovalores:
0.02

Soma dos dois primeiros:
0.59

*** Teste 8 para 7 agentes ***


Matriz de covariância:
[[ 1.    0.38 -0.88  0.36  0.04 -0.1   0.69 -0.08]
 [ 0.38  1.   -0.51  0.64  0.45  0.12  0.26 -0.41]
 [-0.88 -0.51  1.   -0.5   0.05 -0.18 -0.4   0.32]
 [ 0.36  0.64 -0.5   1.    0.13 -0.04 -0.04 -0.38]
 [ 0.04  0.45  0.05  0.13  1.   -0.72 -0.1  -0.44]
 [-0.1   0.12 -0.18 -0.04 -0.72  1.    0.07  0.11]
 [ 0.69  0.26 -0.4  -0.04 -0.1   0.07  1.    0.47]
 [-0.08 -0.41  0.32 -0.38 -0.44  0.11  0.47  1.  ]]

Matriz de correlação de Pearson:
[[ 1.    0.38 -0.88  0.36  0.04 -0.1   0.69 -0.08]
 [ 0.38  1.   -0.51  0.64  0.45  0.12  0.26 -0.41]
 [-0.88 -0.51  1.   -0.5   0.05 -0.18 -0.4   0.32]
 [ 0.36  0.64 -0.5   1.    0.13 -0.04 -0.04 -0.38]
 [ 0.04  0.45  0.05  0.13  1.   -0.72 -0.1  -0.44]
 [-0.1   0.12 -0.18 -0.04 -0.72  1.    0.07  0.11]
 [ 0.69  0.26 -0.4  -0.04 -0.1   0.07  1.    0.47]
 [-0.08 -0.41  0.32 -0.38 -0.44  0.11  0.47  1.  ]]

Autovalores:
[ 0.38  0.27  0.18  0.09  0.07  0.01  0.   -0.  ]

Variância dos Autovalores:
0.02

Soma dos dois primeiros:
0.65

*** Teste 9 para 7 agentes ***


Matriz de covariância:
[[ 1.   -0.58 -0.15 -0.22  0.4  -0.06  0.27  0.01]
 [-0.58  1.    0.3   0.21 -0.48  0.64 -0.6  -0.07]
 [-0.15  0.3   1.    0.54  0.32  0.02  0.2  -0.05]
 [-0.22  0.21  0.54  1.   -0.2  -0.34  0.48  0.1 ]
 [ 0.4  -0.48  0.32 -0.2   1.   -0.1   0.12 -0.61]
 [-0.06  0.64  0.02 -0.34 -0.1   1.   -0.92 -0.13]
 [ 0.27 -0.6   0.2   0.48  0.12 -0.92  1.    0.24]
 [ 0.01 -0.07 -0.05  0.1  -0.61 -0.13  0.24  1.  ]]

Matriz de correlação de Pearson:
[[ 1.   -0.58 -0.15 -0.22  0.4  -0.06  0.27  0.01]
 [-0.58  1.    0.3   0.21 -0.48  0.64 -0.6  -0.07]
 [-0.15  0.3   1.    0.54  0.32  0.02  0.2  -0.05]
 [-0.22  0.21  0.54  1.   -0.2  -0.34  0.48  0.1 ]
 [ 0.4  -0.48  0.32 -0.2   1.   -0.1   0.12 -0.61]
 [-0.06  0.64  0.02 -0.34 -0.1   1.   -0.92 -0.13]
 [ 0.27 -0.6   0.2   0.48  0.12 -0.92  1.    0.24]
 [ 0.01 -0.07 -0.05  0.1  -0.61 -0.13  0.24  1.  ]]

Autovalores:
[ 0.35  0.26  0.21  0.1   0.06  0.02  0.   -0.  ]

Variância dos Autovalores:
0.02

Soma dos dois primeiros:
0.61

*** Teste 10 para 7 agentes ***


Matriz de covariância:
[[ 1.    0.17  0.22 -0.96 -0.02 -0.4   0.4   0.07]
 [ 0.17  1.    0.2  -0.18 -0.37 -0.55  0.53  0.24]
 [ 0.22  0.2   1.   -0.28 -0.15 -0.49  0.27 -0.06]
 [-0.96 -0.18 -0.28  1.   -0.2   0.52 -0.47 -0.16]
 [-0.02 -0.37 -0.15 -0.2   1.   -0.08  0.03  0.14]
 [-0.4  -0.55 -0.49  0.52 -0.08  1.   -0.89 -0.76]
 [ 0.4   0.53  0.27 -0.47  0.03 -0.89  1.    0.74]
 [ 0.07  0.24 -0.06 -0.16  0.14 -0.76  0.74  1.  ]]

Matriz de correlação de Pearson:
[[ 1.    0.17  0.22 -0.96 -0.02 -0.4   0.4   0.07]
 [ 0.17  1.    0.2  -0.18 -0.37 -0.55  0.53  0.24]
 [ 0.22  0.2   1.   -0.28 -0.15 -0.49  0.27 -0.06]
 [-0.96 -0.18 -0.28  1.   -0.2   0.52 -0.47 -0.16]
 [-0.02 -0.37 -0.15 -0.2   1.   -0.08  0.03  0.14]
 [-0.4  -0.55 -0.49  0.52 -0.08  1.   -0.89 -0.76]
 [ 0.4   0.53  0.27 -0.47  0.03 -0.89  1.    0.74]
 [ 0.07  0.24 -0.06 -0.16  0.14 -0.76  0.74  1.  ]]

Autovalores:
[ 0.45  0.19  0.17  0.11  0.06  0.02  0.    0.  ]

Variância dos Autovalores:
0.02

Soma dos dois primeiros:
0.64

*** Teste 11 para 7 agentes ***


Matriz de covariância:
[[ 1.   -0.1  -0.64 -0.12 -0.18  0.09 -0.17  0.29]
 [-0.1   1.   -0.18  0.5   0.23 -0.51  0.4  -0.52]
 [-0.64 -0.18  1.   -0.29 -0.25 -0.01  0.49 -0.23]
 [-0.12  0.5  -0.29  1.   -0.33 -0.61  0.42 -0.21]
 [-0.18  0.23 -0.25 -0.33  1.    0.07 -0.58 -0.2 ]
 [ 0.09 -0.51 -0.01 -0.61  0.07  1.   -0.67  0.77]
 [-0.17  0.4   0.49  0.42 -0.58 -0.67  1.   -0.62]
 [ 0.29 -0.52 -0.23 -0.21 -0.2   0.77 -0.62  1.  ]]

Matriz de correlação de Pearson:
[[ 1.   -0.1  -0.64 -0.12 -0.18  0.09 -0.17  0.29]
 [-0.1   1.   -0.18  0.5   0.23 -0.51  0.4  -0.52]
 [-0.64 -0.18  1.   -0.29 -0.25 -0.01  0.49 -0.23]
 [-0.12  0.5  -0.29  1.   -0.33 -0.61  0.42 -0.21]
 [-0.18  0.23 -0.25 -0.33  1.    0.07 -0.58 -0.2 ]
 [ 0.09 -0.51 -0.01 -0.61  0.07  1.   -0.67  0.77]
 [-0.17  0.4   0.49  0.42 -0.58 -0.67  1.   -0.62]
 [ 0.29 -0.52 -0.23 -0.21 -0.2   0.77 -0.62  1.  ]]

Autovalores:
[ 0.4   0.23  0.19  0.1   0.06  0.01  0.   -0.  ]

Variância dos Autovalores:
0.02

Soma dos dois primeiros:
0.63

*** Teste 12 para 7 agentes ***


Matriz de covariância:
[[ 1.    0.57  0.26 -0.05  0.79  0.62  0.58 -0.14]
 [ 0.57  1.    0.67 -0.64  0.2   0.51  0.69  0.45]
 [ 0.26  0.67  1.   -0.52 -0.11  0.07  0.45  0.75]
 [-0.05 -0.64 -0.52  1.    0.12 -0.02 -0.53 -0.18]
 [ 0.79  0.2  -0.11  0.12  1.    0.63  0.05 -0.42]
 [ 0.62  0.51  0.07 -0.02  0.63  1.    0.04 -0.17]
 [ 0.58  0.69  0.45 -0.53  0.05  0.04  1.    0.14]
 [-0.14  0.45  0.75 -0.18 -0.42 -0.17  0.14  1.  ]]

Matriz de correlação de Pearson:
[[ 1.    0.57  0.26 -0.05  0.79  0.62  0.58 -0.14]
 [ 0.57  1.    0.67 -0.64  0.2   0.51  0.69  0.45]
 [ 0.26  0.67  1.   -0.52 -0.11  0.07  0.45  0.75]
 [-0.05 -0.64 -0.52  1.    0.12 -0.02 -0.53 -0.18]
 [ 0.79  0.2  -0.11  0.12  1.    0.63  0.05 -0.42]
 [ 0.62  0.51  0.07 -0.02  0.63  1.    0.04 -0.17]
 [ 0.58  0.69  0.45 -0.53  0.05  0.04  1.    0.14]
 [-0.14  0.45  0.75 -0.18 -0.42 -0.17  0.14  1.  ]]

Autovalores:
[ 0.42+0.j  0.31+0.j  0.12+0.j  0.08+0.j  0.04+0.j  0.02+0.j  0.00+0.j
  0.00-0.j]

Variância dos Autovalores:
0.02

Soma dos dois primeiros:
0.73

*** Teste 13 para 7 agentes ***


Matriz de covariância:
[[ 1.    0.02 -0.51 -0.08  0.27  0.2  -0.08 -0.9 ]
 [ 0.02  1.   -0.59  0.47  0.21 -0.28 -0.76  0.16]
 [-0.51 -0.59  1.   -0.22  0.3  -0.15  0.31  0.4 ]
 [-0.08  0.47 -0.22  1.    0.05 -0.75 -0.57  0.21]
 [ 0.27  0.21  0.3   0.05  1.   -0.17 -0.52 -0.28]
 [ 0.2  -0.28 -0.15 -0.75 -0.17  1.    0.17 -0.36]
 [-0.08 -0.76  0.31 -0.57 -0.52  0.17  1.    0.02]
 [-0.9   0.16  0.4   0.21 -0.28 -0.36  0.02  1.  ]]

Matriz de correlação de Pearson:
[[ 1.    0.02 -0.51 -0.08  0.27  0.2  -0.08 -0.9 ]
 [ 0.02  1.   -0.59  0.47  0.21 -0.28 -0.76  0.16]
 [-0.51 -0.59  1.   -0.22  0.3  -0.15  0.31  0.4 ]
 [-0.08  0.47 -0.22  1.    0.05 -0.75 -0.57  0.21]
 [ 0.27  0.21  0.3   0.05  1.   -0.17 -0.52 -0.28]
 [ 0.2  -0.28 -0.15 -0.75 -0.17  1.    0.17 -0.36]
 [-0.08 -0.76  0.31 -0.57 -0.52  0.17  1.    0.02]
 [-0.9   0.16  0.4   0.21 -0.28 -0.36  0.02  1.  ]]

Autovalores:
[ 0.35+0.j  0.31+0.j  0.17+0.j  0.12+0.j  0.04+0.j  0.01+0.j  0.00+0.j
  0.00-0.j]

Variância dos Autovalores:
0.02

Soma dos dois primeiros:
0.65

*** Teste 14 para 7 agentes ***


Matriz de covariância:
[[ 1.    0.04 -0.11 -0.6  -0.15  0.22  0.28 -0.09]
 [ 0.04  1.    0.49  0.4  -0.52  0.08 -0.04 -0.48]
 [-0.11  0.49  1.    0.27 -0.16  0.08 -0.72 -0.38]
 [-0.6   0.4   0.27  1.   -0.7  -0.53 -0.18 -0.15]
 [-0.15 -0.52 -0.16 -0.7   1.    0.54 -0.14  0.28]
 [ 0.22  0.08  0.08 -0.53  0.54  1.   -0.32  0.1 ]
 [ 0.28 -0.04 -0.72 -0.18 -0.14 -0.32  1.   -0.28]
 [-0.09 -0.48 -0.38 -0.15  0.28  0.1  -0.28  1.  ]]

Matriz de correlação de Pearson:
[[ 1.    0.04 -0.11 -0.6  -0.15  0.22  0.28 -0.09]
 [ 0.04  1.    0.49  0.4  -0.52  0.08 -0.04 -0.48]
 [-0.11  0.49  1.    0.27 -0.16  0.08 -0.72 -0.38]
 [-0.6   0.4   0.27  1.   -0.7  -0.53 -0.18 -0.15]
 [-0.15 -0.52 -0.16 -0.7   1.    0.54 -0.14  0.28]
 [ 0.22  0.08  0.08 -0.53  0.54  1.   -0.32  0.1 ]
 [ 0.28 -0.04 -0.72 -0.18 -0.14 -0.32  1.   -0.28]
 [-0.09 -0.48 -0.38 -0.15  0.28  0.1  -0.28  1.  ]]

Autovalores:
[ 0.35  0.24  0.21  0.1   0.08  0.03 -0.   -0.  ]

Variância dos Autovalores:
0.01

Soma dos dois primeiros:
0.59

*** Teste 15 para 7 agentes ***


Matriz de covariância:
[[ 1.   -0.34 -0.14  0.61 -0.55  0.31 -0.09 -0.07]
 [-0.34  1.    0.01 -0.26  0.67  0.12  0.44 -0.82]
 [-0.14  0.01  1.   -0.42 -0.45 -0.13  0.34  0.17]
 [ 0.61 -0.26 -0.42  1.   -0.04  0.05 -0.61  0.25]
 [-0.55  0.67 -0.45 -0.04  1.   -0.07 -0.18 -0.36]
 [ 0.31  0.12 -0.13  0.05 -0.07  1.    0.57 -0.24]
 [-0.09  0.44  0.34 -0.61 -0.18  0.57  1.   -0.56]
 [-0.07 -0.82  0.17  0.25 -0.36 -0.24 -0.56  1.  ]]

Matriz de correlação de Pearson:
[[ 1.   -0.34 -0.14  0.61 -0.55  0.31 -0.09 -0.07]
 [-0.34  1.    0.01 -0.26  0.67  0.12  0.44 -0.82]
 [-0.14  0.01  1.   -0.42 -0.45 -0.13  0.34  0.17]
 [ 0.61 -0.26 -0.42  1.   -0.04  0.05 -0.61  0.25]
 [-0.55  0.67 -0.45 -0.04  1.   -0.07 -0.18 -0.36]
 [ 0.31  0.12 -0.13  0.05 -0.07  1.    0.57 -0.24]
 [-0.09  0.44  0.34 -0.61 -0.18  0.57  1.   -0.56]
 [-0.07 -0.82  0.17  0.25 -0.36 -0.24 -0.56  1.  ]]

Autovalores:
[ 0.36  0.25  0.23  0.09  0.06  0.01  0.   -0.  ]

Variância dos Autovalores:
0.02

Soma dos dois primeiros:
0.61

*** Teste 16 para 7 agentes ***


Matriz de covariância:
[[ 1.   -0.32  0.26 -0.28  0.78 -0.03  0.49  0.26]
 [-0.32  1.    0.31  0.13 -0.23 -0.59  0.26  0.15]
 [ 0.26  0.31  1.    0.43 -0.18  0.14  0.34 -0.22]
 [-0.28  0.13  0.43  1.   -0.17 -0.08 -0.08 -0.16]
 [ 0.78 -0.23 -0.18 -0.17  1.   -0.33  0.25  0.43]
 [-0.03 -0.59  0.14 -0.08 -0.33  1.   -0.61 -0.68]
 [ 0.49  0.26  0.34 -0.08  0.25 -0.61  1.    0.7 ]
 [ 0.26  0.15 -0.22 -0.16  0.43 -0.68  0.7   1.  ]]

Matriz de correlação de Pearson:
[[ 1.   -0.32  0.26 -0.28  0.78 -0.03  0.49  0.26]
 [-0.32  1.    0.31  0.13 -0.23 -0.59  0.26  0.15]
 [ 0.26  0.31  1.    0.43 -0.18  0.14  0.34 -0.22]
 [-0.28  0.13  0.43  1.   -0.17 -0.08 -0.08 -0.16]
 [ 0.78 -0.23 -0.18 -0.17  1.   -0.33  0.25  0.43]
 [-0.03 -0.59  0.14 -0.08 -0.33  1.   -0.61 -0.68]
 [ 0.49  0.26  0.34 -0.08  0.25 -0.61  1.    0.7 ]
 [ 0.26  0.15 -0.22 -0.16  0.43 -0.68  0.7   1.  ]]

Autovalores:
[ 0.36  0.25  0.19  0.1   0.07  0.02  0.   -0.  ]

Variância dos Autovalores:
0.02

Soma dos dois primeiros:
0.62

*** Teste 17 para 7 agentes ***


Matriz de covariância:
[[ 1.    0.22 -0.39 -0.4   0.39 -0.23  0.71 -0.06]
 [ 0.22  1.    0.16  0.09  0.2  -0.58 -0.09  0.  ]
 [-0.39  0.16  1.    0.17  0.56 -0.61 -0.43  0.25]
 [-0.4   0.09  0.17  1.   -0.34 -0.17 -0.08 -0.7 ]
 [ 0.39  0.2   0.56 -0.34  1.   -0.44  0.38  0.52]
 [-0.23 -0.58 -0.61 -0.17 -0.44  1.    0.17  0.25]
 [ 0.71 -0.09 -0.43 -0.08  0.38  0.17  1.   -0.08]
 [-0.06  0.    0.25 -0.7   0.52  0.25 -0.08  1.  ]]

Matriz de correlação de Pearson:
[[ 1.    0.22 -0.39 -0.4   0.39 -0.23  0.71 -0.06]
 [ 0.22  1.    0.16  0.09  0.2  -0.58 -0.09  0.  ]
 [-0.39  0.16  1.    0.17  0.56 -0.61 -0.43  0.25]
 [-0.4   0.09  0.17  1.   -0.34 -0.17 -0.08 -0.7 ]
 [ 0.39  0.2   0.56 -0.34  1.   -0.44  0.38  0.52]
 [-0.23 -0.58 -0.61 -0.17 -0.44  1.    0.17  0.25]
 [ 0.71 -0.09 -0.43 -0.08  0.38  0.17  1.   -0.08]
 [-0.06  0.    0.25 -0.7   0.52  0.25 -0.08  1.  ]]

Autovalores:
[ 0.31+0.j  0.29+0.j  0.23+0.j  0.11+0.j  0.06+0.j  0.01+0.j  0.00+0.j
  0.00-0.j]

Variância dos Autovalores:
0.01

Soma dos dois primeiros:
0.59

*** Teste 18 para 7 agentes ***


Matriz de covariância:
[[ 1.    0.13  0.52  0.5  -0.23 -0.46 -0.71 -0.22]
 [ 0.13  1.    0.18  0.14  0.35 -0.43 -0.11 -0.38]
 [ 0.52  0.18  1.    0.48  0.15  0.18 -0.83 -0.85]
 [ 0.5   0.14  0.48  1.   -0.04 -0.04 -0.79 -0.24]
 [-0.23  0.35  0.15 -0.04  1.   -0.25  0.19 -0.  ]
 [-0.46 -0.43  0.18 -0.04 -0.25  1.    0.01 -0.38]
 [-0.71 -0.11 -0.83 -0.79  0.19  0.01  1.    0.61]
 [-0.22 -0.38 -0.85 -0.24 -0.   -0.38  0.61  1.  ]]

Matriz de correlação de Pearson:
[[ 1.    0.13  0.52  0.5  -0.23 -0.46 -0.71 -0.22]
 [ 0.13  1.    0.18  0.14  0.35 -0.43 -0.11 -0.38]
 [ 0.52  0.18  1.    0.48  0.15  0.18 -0.83 -0.85]
 [ 0.5   0.14  0.48  1.   -0.04 -0.04 -0.79 -0.24]
 [-0.23  0.35  0.15 -0.04  1.   -0.25  0.19 -0.  ]
 [-0.46 -0.43  0.18 -0.04 -0.25  1.    0.01 -0.38]
 [-0.71 -0.11 -0.83 -0.79  0.19  0.01  1.    0.61]
 [-0.22 -0.38 -0.85 -0.24 -0.   -0.38  0.61  1.  ]]

Autovalores:
[ 0.43  0.22  0.18  0.09  0.07  0.01  0.    0.  ]

Variância dos Autovalores:
0.02

Soma dos dois primeiros:
0.65

*** Teste 19 para 7 agentes ***


Matriz de covariância:
[[ 1.   -0.07  0.22  0.2   0.53  0.03  0.47 -0.11]
 [-0.07  1.   -0.63  0.13 -0.44 -0.24 -0.52 -0.45]
 [ 0.22 -0.63  1.   -0.    0.45  0.11  0.39  0.34]
 [ 0.2   0.13 -0.    1.    0.13  0.76 -0.58 -0.65]
 [ 0.53 -0.44  0.45  0.13  1.   -0.17  0.63  0.08]
 [ 0.03 -0.24  0.11  0.76 -0.17  1.   -0.58 -0.21]
 [ 0.47 -0.52  0.39 -0.58  0.63 -0.58  1.    0.39]
 [-0.11 -0.45  0.34 -0.65  0.08 -0.21  0.39  1.  ]]

Matriz de correlação de Pearson:
[[ 1.   -0.07  0.22  0.2   0.53  0.03  0.47 -0.11]
 [-0.07  1.   -0.63  0.13 -0.44 -0.24 -0.52 -0.45]
 [ 0.22 -0.63  1.   -0.    0.45  0.11  0.39  0.34]
 [ 0.2   0.13 -0.    1.    0.13  0.76 -0.58 -0.65]
 [ 0.53 -0.44  0.45  0.13  1.   -0.17  0.63  0.08]
 [ 0.03 -0.24  0.11  0.76 -0.17  1.   -0.58 -0.21]
 [ 0.47 -0.52  0.39 -0.58  0.63 -0.58  1.    0.39]
 [-0.11 -0.45  0.34 -0.65  0.08 -0.21  0.39  1.  ]]

Autovalores:
[ 0.39+0.j  0.27+0.j  0.18+0.j  0.07+0.j  0.05+0.j  0.04+0.j  0.00+0.j
  0.00-0.j]

Variância dos Autovalores:
0.02

Soma dos dois primeiros:
0.66

*** Teste 20 para 7 agentes ***


Matriz de covariância:
[[ 1.   -0.14  0.46  0.69 -0.16  0.1  -0.84  0.18]
 [-0.14  1.   -0.82 -0.59 -0.27 -0.26  0.47  0.42]
 [ 0.46 -0.82  1.    0.55  0.29  0.23 -0.82  0.04]
 [ 0.69 -0.59  0.55  1.    0.07  0.23 -0.56 -0.25]
 [-0.16 -0.27  0.29  0.07  1.    0.58 -0.06  0.37]
 [ 0.1  -0.26  0.23  0.23  0.58  1.   -0.11  0.4 ]
 [-0.84  0.47 -0.82 -0.56 -0.06 -0.11  1.   -0.18]
 [ 0.18  0.42  0.04 -0.25  0.37  0.4  -0.18  1.  ]]

Matriz de correlação de Pearson:
[[ 1.   -0.14  0.46  0.69 -0.16  0.1  -0.84  0.18]
 [-0.14  1.   -0.82 -0.59 -0.27 -0.26  0.47  0.42]
 [ 0.46 -0.82  1.    0.55  0.29  0.23 -0.82  0.04]
 [ 0.69 -0.59  0.55  1.    0.07  0.23 -0.56 -0.25]
 [-0.16 -0.27  0.29  0.07  1.    0.58 -0.06  0.37]
 [ 0.1  -0.26  0.23  0.23  0.58  1.   -0.11  0.4 ]
 [-0.84  0.47 -0.82 -0.56 -0.06 -0.11  1.   -0.18]
 [ 0.18  0.42  0.04 -0.25  0.37  0.4  -0.18  1.  ]]

Autovalores:
[ 0.44  0.23  0.18  0.09  0.04  0.02  0.   -0.  ]

Variância dos Autovalores:
0.02

Soma dos dois primeiros:
0.67

*** Teste 21 para 7 agentes ***


Matriz de covariância:
[[ 1.   -0.32 -0.41 -0.76 -0.72 -0.56  0.81 -0.15]
 [-0.32  1.   -0.21  0.45  0.41  0.25 -0.47  0.72]
 [-0.41 -0.21  1.    0.3   0.58 -0.3   0.09 -0.49]
 [-0.76  0.45  0.3   1.    0.93  0.06 -0.52  0.58]
 [-0.72  0.41  0.58  0.93  1.   -0.12 -0.36  0.38]
 [-0.56  0.25 -0.3   0.06 -0.12  1.   -0.84  0.03]
 [ 0.81 -0.47  0.09 -0.52 -0.36 -0.84  1.   -0.27]
 [-0.15  0.72 -0.49  0.58  0.38  0.03 -0.27  1.  ]]

Matriz de correlação de Pearson:
[[ 1.   -0.32 -0.41 -0.76 -0.72 -0.56  0.81 -0.15]
 [-0.32  1.   -0.21  0.45  0.41  0.25 -0.47  0.72]
 [-0.41 -0.21  1.    0.3   0.58 -0.3   0.09 -0.49]
 [-0.76  0.45  0.3   1.    0.93  0.06 -0.52  0.58]
 [-0.72  0.41  0.58  0.93  1.   -0.12 -0.36  0.38]
 [-0.56  0.25 -0.3   0.06 -0.12  1.   -0.84  0.03]
 [ 0.81 -0.47  0.09 -0.52 -0.36 -0.84  1.   -0.27]
 [-0.15  0.72 -0.49  0.58  0.38  0.03 -0.27  1.  ]]

Autovalores:
[ 0.48  0.26  0.2   0.05  0.01  0.    0.   -0.  ]

Variância dos Autovalores:
0.03

Soma dos dois primeiros:
0.74

*** Teste 22 para 7 agentes ***


Matriz de covariância:
[[ 1.   -0.07  0.53  0.41  0.23 -0.07  0.09  0.55]
 [-0.07  1.   -0.59 -0.15 -0.01  0.87  0.02  0.24]
 [ 0.53 -0.59  1.    0.77  0.69 -0.72  0.41  0.38]
 [ 0.41 -0.15  0.77  1.    0.92 -0.21  0.38  0.73]
 [ 0.23 -0.01  0.69  0.92  1.   -0.24  0.38  0.54]
 [-0.07  0.87 -0.72 -0.21 -0.24  1.   -0.15  0.33]
 [ 0.09  0.02  0.41  0.38  0.38 -0.15  1.    0.24]
 [ 0.55  0.24  0.38  0.73  0.54  0.33  0.24  1.  ]]

Matriz de correlação de Pearson:
[[ 1.   -0.07  0.53  0.41  0.23 -0.07  0.09  0.55]
 [-0.07  1.   -0.59 -0.15 -0.01  0.87  0.02  0.24]
 [ 0.53 -0.59  1.    0.77  0.69 -0.72  0.41  0.38]
 [ 0.41 -0.15  0.77  1.    0.92 -0.21  0.38  0.73]
 [ 0.23 -0.01  0.69  0.92  1.   -0.24  0.38  0.54]
 [-0.07  0.87 -0.72 -0.21 -0.24  1.   -0.15  0.33]
 [ 0.09  0.02  0.41  0.38  0.38 -0.15  1.    0.24]
 [ 0.55  0.24  0.38  0.73  0.54  0.33  0.24  1.  ]]

Autovalores:
[ 0.47  0.28  0.13  0.09  0.04  0.01  0.   -0.  ]

Variância dos Autovalores:
0.02

Soma dos dois primeiros:
0.74

*** Teste 23 para 7 agentes ***


Matriz de covariância:
[[ 1.    0.05 -0.15 -0.81  0.   -0.2   0.75 -0.03]
 [ 0.05  1.   -0.02  0.04 -0.21  0.7  -0.02 -0.56]
 [-0.15 -0.02  1.    0.26 -0.94  0.03 -0.24  0.01]
 [-0.81  0.04  0.26  1.   -0.07  0.05 -0.84  0.25]
 [ 0.   -0.21 -0.94 -0.07  1.   -0.16  0.04  0.29]
 [-0.2   0.7   0.03  0.05 -0.16  1.   -0.39 -0.49]
 [ 0.75 -0.02 -0.24 -0.84  0.04 -0.39  1.   -0.26]
 [-0.03 -0.56  0.01  0.25  0.29 -0.49 -0.26  1.  ]]

Matriz de correlação de Pearson:
[[ 1.    0.05 -0.15 -0.81  0.   -0.2   0.75 -0.03]
 [ 0.05  1.   -0.02  0.04 -0.21  0.7  -0.02 -0.56]
 [-0.15 -0.02  1.    0.26 -0.94  0.03 -0.24  0.01]
 [-0.81  0.04  0.26  1.   -0.07  0.05 -0.84  0.25]
 [ 0.   -0.21 -0.94 -0.07  1.   -0.16  0.04  0.29]
 [-0.2   0.7   0.03  0.05 -0.16  1.   -0.39 -0.49]
 [ 0.75 -0.02 -0.24 -0.84  0.04 -0.39  1.   -0.26]
 [-0.03 -0.56  0.01  0.25  0.29 -0.49 -0.26  1.  ]]

Autovalores:
[ 0.36+0.j  0.29+0.j  0.22+0.j  0.07+0.j  0.05+0.j  0.02+0.j  0.00+0.j
  0.00-0.j]

Variância dos Autovalores:
0.02

Soma dos dois primeiros:
0.65

*** Teste 24 para 7 agentes ***


Matriz de covariância:
[[ 1.   -0.59  0.53  0.18 -0.05 -0.49 -0.6   0.33]
 [-0.59  1.   -0.24  0.13 -0.35  0.34  0.25 -0.37]
 [ 0.53 -0.24  1.   -0.35 -0.47  0.06 -0.97  0.33]
 [ 0.18  0.13 -0.35  1.    0.34 -0.19  0.28 -0.79]
 [-0.05 -0.35 -0.47  0.34  1.   -0.6   0.3  -0.2 ]
 [-0.49  0.34  0.06 -0.19 -0.6   1.    0.18 -0.23]
 [-0.6   0.25 -0.97  0.28  0.3   0.18  1.   -0.33]
 [ 0.33 -0.37  0.33 -0.79 -0.2  -0.23 -0.33  1.  ]]

Matriz de correlação de Pearson:
[[ 1.   -0.59  0.53  0.18 -0.05 -0.49 -0.6   0.33]
 [-0.59  1.   -0.24  0.13 -0.35  0.34  0.25 -0.37]
 [ 0.53 -0.24  1.   -0.35 -0.47  0.06 -0.97  0.33]
 [ 0.18  0.13 -0.35  1.    0.34 -0.19  0.28 -0.79]
 [-0.05 -0.35 -0.47  0.34  1.   -0.6   0.3  -0.2 ]
 [-0.49  0.34  0.06 -0.19 -0.6   1.    0.18 -0.23]
 [-0.6   0.25 -0.97  0.28  0.3   0.18  1.   -0.33]
 [ 0.33 -0.37  0.33 -0.79 -0.2  -0.23 -0.33  1.  ]]

Autovalores:
[ 0.40+0.j  0.28+0.j  0.17+0.j  0.08+0.j  0.06+0.j  0.01+0.j  0.00+0.j
  0.00-0.j]

Variância dos Autovalores:
0.02

Soma dos dois primeiros:
0.67

*** Teste 25 para 7 agentes ***


Matriz de covariância:
[[ 1.   -0.43 -0.07  0.69  0.06 -0.64  0.51 -0.56]
 [-0.43  1.   -0.75 -0.54 -0.68  0.24 -0.14  0.09]
 [-0.07 -0.75  1.    0.37  0.7  -0.03  0.04  0.45]
 [ 0.69 -0.54  0.37  1.   -0.07 -0.56  0.48  0.15]
 [ 0.06 -0.68  0.7  -0.07  1.   -0.03 -0.03 -0.2 ]
 [-0.64  0.24 -0.03 -0.56 -0.03  1.   -0.33  0.42]
 [ 0.51 -0.14  0.04  0.48 -0.03 -0.33  1.   -0.06]
 [-0.56  0.09  0.45  0.15 -0.2   0.42 -0.06  1.  ]]

Matriz de correlação de Pearson:
[[ 1.   -0.43 -0.07  0.69  0.06 -0.64  0.51 -0.56]
 [-0.43  1.   -0.75 -0.54 -0.68  0.24 -0.14  0.09]
 [-0.07 -0.75  1.    0.37  0.7  -0.03  0.04  0.45]
 [ 0.69 -0.54  0.37  1.   -0.07 -0.56  0.48  0.15]
 [ 0.06 -0.68  0.7  -0.07  1.   -0.03 -0.03 -0.2 ]
 [-0.64  0.24 -0.03 -0.56 -0.03  1.   -0.33  0.42]
 [ 0.51 -0.14  0.04  0.48 -0.03 -0.33  1.   -0.06]
 [-0.56  0.09  0.45  0.15 -0.2   0.42 -0.06  1.  ]]

Autovalores:
[ 0.4   0.28  0.17  0.08  0.05  0.01  0.   -0.  ]

Variância dos Autovalores:
0.02

Soma dos dois primeiros:
0.68

*** Teste 26 para 7 agentes ***


Matriz de covariância:
[[ 1.   -0.6   0.42  0.2  -0.32 -0.47  0.3  -0.09]
 [-0.6   1.   -0.   -0.26 -0.01  0.35  0.13 -0.64]
 [ 0.42 -0.    1.   -0.03 -0.86 -0.66  0.68 -0.28]
 [ 0.2  -0.26 -0.03  1.   -0.11  0.24  0.4  -0.1 ]
 [-0.32 -0.01 -0.86 -0.11  1.    0.75 -0.89  0.05]
 [-0.47  0.35 -0.66  0.24  0.75  1.   -0.55 -0.29]
 [ 0.3   0.13  0.68  0.4  -0.89 -0.55  1.   -0.28]
 [-0.09 -0.64 -0.28 -0.1   0.05 -0.29 -0.28  1.  ]]

Matriz de correlação de Pearson:
[[ 1.   -0.6   0.42  0.2  -0.32 -0.47  0.3  -0.09]
 [-0.6   1.   -0.   -0.26 -0.01  0.35  0.13 -0.64]
 [ 0.42 -0.    1.   -0.03 -0.86 -0.66  0.68 -0.28]
 [ 0.2  -0.26 -0.03  1.   -0.11  0.24  0.4  -0.1 ]
 [-0.32 -0.01 -0.86 -0.11  1.    0.75 -0.89  0.05]
 [-0.47  0.35 -0.66  0.24  0.75  1.   -0.55 -0.29]
 [ 0.3   0.13  0.68  0.4  -0.89 -0.55  1.   -0.28]
 [-0.09 -0.64 -0.28 -0.1   0.05 -0.29 -0.28  1.  ]]

Autovalores:
[ 0.44+0.j  0.25+0.j  0.17+0.j  0.11+0.j  0.03+0.j  0.01+0.j  0.00+0.j
  0.00-0.j]

Variância dos Autovalores:
0.02

Soma dos dois primeiros:
0.69

*** Teste 27 para 7 agentes ***


Matriz de covariância:
[[ 1.    0.17  0.8  -0.05  0.07  0.26 -0.23 -0.18]
 [ 0.17  1.   -0.16  0.01  0.32  0.14  0.47 -0.74]
 [ 0.8  -0.16  1.   -0.46 -0.52  0.03 -0.26  0.08]
 [-0.05  0.01 -0.46  1.    0.86  0.36 -0.02  0.27]
 [ 0.07  0.32 -0.52  0.86  1.    0.38  0.09 -0.14]
 [ 0.26  0.14  0.03  0.36  0.38  1.    0.21  0.41]
 [-0.23  0.47 -0.26 -0.02  0.09  0.21  1.   -0.11]
 [-0.18 -0.74  0.08  0.27 -0.14  0.41 -0.11  1.  ]]

Matriz de correlação de Pearson:
[[ 1.    0.17  0.8  -0.05  0.07  0.26 -0.23 -0.18]
 [ 0.17  1.   -0.16  0.01  0.32  0.14  0.47 -0.74]
 [ 0.8  -0.16  1.   -0.46 -0.52  0.03 -0.26  0.08]
 [-0.05  0.01 -0.46  1.    0.86  0.36 -0.02  0.27]
 [ 0.07  0.32 -0.52  0.86  1.    0.38  0.09 -0.14]
 [ 0.26  0.14  0.03  0.36  0.38  1.    0.21  0.41]
 [-0.23  0.47 -0.26 -0.02  0.09  0.21  1.   -0.11]
 [-0.18 -0.74  0.08  0.27 -0.14  0.41 -0.11  1.  ]]

Autovalores:
[ 0.32  0.25  0.22  0.14  0.05  0.02  0.    0.  ]

Variância dos Autovalores:
0.01

Soma dos dois primeiros:
0.57

*** Teste 28 para 7 agentes ***


Matriz de covariância:
[[ 1.   -0.39 -0.24 -0.88  0.19 -0.46 -0.28 -0.65]
 [-0.39  1.    0.67  0.12  0.53 -0.   -0.03  0.63]
 [-0.24  0.67  1.    0.16 -0.09  0.28 -0.39  0.58]
 [-0.88  0.12  0.16  1.   -0.37  0.46  0.48  0.47]
 [ 0.19  0.53 -0.09 -0.37  1.   -0.17  0.17 -0.21]
 [-0.46 -0.    0.28  0.46 -0.17  1.   -0.1  -0.12]
 [-0.28 -0.03 -0.39  0.48  0.17 -0.1   1.   -0.13]
 [-0.65  0.63  0.58  0.47 -0.21 -0.12 -0.13  1.  ]]

Matriz de correlação de Pearson:
[[ 1.   -0.39 -0.24 -0.88  0.19 -0.46 -0.28 -0.65]
 [-0.39  1.    0.67  0.12  0.53 -0.   -0.03  0.63]
 [-0.24  0.67  1.    0.16 -0.09  0.28 -0.39  0.58]
 [-0.88  0.12  0.16  1.   -0.37  0.46  0.48  0.47]
 [ 0.19  0.53 -0.09 -0.37  1.   -0.17  0.17 -0.21]
 [-0.46 -0.    0.28  0.46 -0.17  1.   -0.1  -0.12]
 [-0.28 -0.03 -0.39  0.48  0.17 -0.1   1.   -0.13]
 [-0.65  0.63  0.58  0.47 -0.21 -0.12 -0.13  1.  ]]

Autovalores:
[ 0.39  0.25  0.19  0.13  0.05  0.01  0.   -0.  ]

Variância dos Autovalores:
0.02

Soma dos dois primeiros:
0.63

*** Teste 29 para 7 agentes ***


Matriz de covariância:
[[ 1.   -0.21  0.33  0.33  0.53  0.74  0.91 -0.46]
 [-0.21  1.    0.54 -0.28 -0.08 -0.16 -0.26  0.23]
 [ 0.33  0.54  1.   -0.18  0.68  0.09  0.01 -0.47]
 [ 0.33 -0.28 -0.18  1.    0.14  0.61  0.29  0.38]
 [ 0.53 -0.08  0.68  0.14  1.    0.52  0.16 -0.7 ]
 [ 0.74 -0.16  0.09  0.61  0.52  1.    0.66 -0.26]
 [ 0.91 -0.26  0.01  0.29  0.16  0.66  1.   -0.29]
 [-0.46  0.23 -0.47  0.38 -0.7  -0.26 -0.29  1.  ]]

Matriz de correlação de Pearson:
[[ 1.   -0.21  0.33  0.33  0.53  0.74  0.91 -0.46]
 [-0.21  1.    0.54 -0.28 -0.08 -0.16 -0.26  0.23]
 [ 0.33  0.54  1.   -0.18  0.68  0.09  0.01 -0.47]
 [ 0.33 -0.28 -0.18  1.    0.14  0.61  0.29  0.38]
 [ 0.53 -0.08  0.68  0.14  1.    0.52  0.16 -0.7 ]
 [ 0.74 -0.16  0.09  0.61  0.52  1.    0.66 -0.26]
 [ 0.91 -0.26  0.01  0.29  0.16  0.66  1.   -0.29]
 [-0.46  0.23 -0.47  0.38 -0.7  -0.26 -0.29  1.  ]]

Autovalores:
[ 0.43  0.27  0.15  0.11  0.04  0.01  0.   -0.  ]

Variância dos Autovalores:
0.02

Soma dos dois primeiros:
0.7

*** Teste 30 para 7 agentes ***


Matriz de covariância:
[[ 1.   -0.15  0.59  0.71 -0.38  0.09  0.6   0.24]
 [-0.15  1.    0.2   0.1  -0.29  0.76 -0.63  0.67]
 [ 0.59  0.2   1.    0.62  0.17  0.39  0.36  0.49]
 [ 0.71  0.1   0.62  1.   -0.14 -0.11  0.2   0.39]
 [-0.38 -0.29  0.17 -0.14  1.   -0.35 -0.06  0.07]
 [ 0.09  0.76  0.39 -0.11 -0.35  1.   -0.1   0.43]
 [ 0.6  -0.63  0.36  0.2  -0.06 -0.1   1.   -0.5 ]
 [ 0.24  0.67  0.49  0.39  0.07  0.43 -0.5   1.  ]]

Matriz de correlação de Pearson:
[[ 1.   -0.15  0.59  0.71 -0.38  0.09  0.6   0.24]
 [-0.15  1.    0.2   0.1  -0.29  0.76 -0.63  0.67]
 [ 0.59  0.2   1.    0.62  0.17  0.39  0.36  0.49]
 [ 0.71  0.1   0.62  1.   -0.14 -0.11  0.2   0.39]
 [-0.38 -0.29  0.17 -0.14  1.   -0.35 -0.06  0.07]
 [ 0.09  0.76  0.39 -0.11 -0.35  1.   -0.1   0.43]
 [ 0.6  -0.63  0.36  0.2  -0.06 -0.1   1.   -0.5 ]
 [ 0.24  0.67  0.49  0.39  0.07  0.43 -0.5   1.  ]]

Autovalores:
[ 0.36  0.32  0.17  0.11  0.04  0.01  0.   -0.  ]

Variância dos Autovalores:
0.02

Soma dos dois primeiros:
0.68

*** Teste 31 para 7 agentes ***


Matriz de covariância:
[[ 1.   -0.62  0.38 -0.66 -0.41  0.8  -0.51 -0.26]
 [-0.62  1.    0.37  0.41  0.4  -0.14  0.44  0.19]
 [ 0.38  0.37  1.   -0.25  0.31  0.63 -0.38 -0.01]
 [-0.66  0.41 -0.25  1.    0.27 -0.27  0.74  0.68]
 [-0.41  0.4   0.31  0.27  1.   -0.25 -0.06  0.4 ]
 [ 0.8  -0.14  0.63 -0.27 -0.25  1.   -0.08  0.17]
 [-0.51  0.44 -0.38  0.74 -0.06 -0.08  1.    0.62]
 [-0.26  0.19 -0.01  0.68  0.4   0.17  0.62  1.  ]]

Matriz de correlação de Pearson:
[[ 1.   -0.62  0.38 -0.66 -0.41  0.8  -0.51 -0.26]
 [-0.62  1.    0.37  0.41  0.4  -0.14  0.44  0.19]
 [ 0.38  0.37  1.   -0.25  0.31  0.63 -0.38 -0.01]
 [-0.66  0.41 -0.25  1.    0.27 -0.27  0.74  0.68]
 [-0.41  0.4   0.31  0.27  1.   -0.25 -0.06  0.4 ]
 [ 0.8  -0.14  0.63 -0.27 -0.25  1.   -0.08  0.17]
 [-0.51  0.44 -0.38  0.74 -0.06 -0.08  1.    0.62]
 [-0.26  0.19 -0.01  0.68  0.4   0.17  0.62  1.  ]]

Autovalores:
[ 0.43  0.24  0.19  0.11  0.03  0.01  0.   -0.  ]

Variância dos Autovalores:
0.02

Soma dos dois primeiros:
0.67

*** Teste 32 para 7 agentes ***


Matriz de covariância:
[[ 1.   -0.2  -0.04 -0.28 -0.16 -0.46  0.45 -0.76]
 [-0.2   1.    0.12  0.61 -0.49  0.22 -0.59  0.1 ]
 [-0.04  0.12  1.    0.11  0.02  0.16 -0.33 -0.43]
 [-0.28  0.61  0.11  1.   -0.59  0.42 -0.3   0.51]
 [-0.16 -0.49  0.02 -0.59  1.    0.28  0.07 -0.15]
 [-0.46  0.22  0.16  0.42  0.28  1.   -0.7   0.32]
 [ 0.45 -0.59 -0.33 -0.3   0.07 -0.7   1.   -0.08]
 [-0.76  0.1  -0.43  0.51 -0.15  0.32 -0.08  1.  ]]

Matriz de correlação de Pearson:
[[ 1.   -0.2  -0.04 -0.28 -0.16 -0.46  0.45 -0.76]
 [-0.2   1.    0.12  0.61 -0.49  0.22 -0.59  0.1 ]
 [-0.04  0.12  1.    0.11  0.02  0.16 -0.33 -0.43]
 [-0.28  0.61  0.11  1.   -0.59  0.42 -0.3   0.51]
 [-0.16 -0.49  0.02 -0.59  1.    0.28  0.07 -0.15]
 [-0.46  0.22  0.16  0.42  0.28  1.   -0.7   0.32]
 [ 0.45 -0.59 -0.33 -0.3   0.07 -0.7   1.   -0.08]
 [-0.76  0.1  -0.43  0.51 -0.15  0.32 -0.08  1.  ]]

Autovalores:
[ 0.39  0.22  0.21  0.08  0.07  0.03  0.    0.  ]

Variância dos Autovalores:
0.02

Soma dos dois primeiros:
0.6

*** Teste 33 para 7 agentes ***


Matriz de covariância:
[[ 1.    0.05 -0.72 -0.22 -0.3  -0.2   0.2  -0.49]
 [ 0.05  1.   -0.11 -0.22  0.26 -0.14 -0.31 -0.61]
 [-0.72 -0.11  1.    0.02  0.66 -0.28 -0.47  0.3 ]
 [-0.22 -0.22  0.02  1.    0.23  0.64  0.51  0.81]
 [-0.3   0.26  0.66  0.23  1.   -0.25 -0.08  0.15]
 [-0.2  -0.14 -0.28  0.64 -0.25  1.    0.7   0.42]
 [ 0.2  -0.31 -0.47  0.51 -0.08  0.7   1.    0.33]
 [-0.49 -0.61  0.3   0.81  0.15  0.42  0.33  1.  ]]

Matriz de correlação de Pearson:
[[ 1.    0.05 -0.72 -0.22 -0.3  -0.2   0.2  -0.49]
 [ 0.05  1.   -0.11 -0.22  0.26 -0.14 -0.31 -0.61]
 [-0.72 -0.11  1.    0.02  0.66 -0.28 -0.47  0.3 ]
 [-0.22 -0.22  0.02  1.    0.23  0.64  0.51  0.81]
 [-0.3   0.26  0.66  0.23  1.   -0.25 -0.08  0.15]
 [-0.2  -0.14 -0.28  0.64 -0.25  1.    0.7   0.42]
 [ 0.2  -0.31 -0.47  0.51 -0.08  0.7   1.    0.33]
 [-0.49 -0.61  0.3   0.81  0.15  0.42  0.33  1.  ]]

Autovalores:
[ 0.37  0.31  0.14  0.1   0.05  0.02  0.   -0.  ]

Variância dos Autovalores:
0.02

Soma dos dois primeiros:
0.69

*** Teste 34 para 7 agentes ***


Matriz de covariância:
[[ 1.   -0.06  0.15  0.19  0.48  0.15  0.    0.23]
 [-0.06  1.   -0.39 -0.51 -0.34  0.43 -0.31  0.4 ]
 [ 0.15 -0.39  1.    0.9   0.2  -0.33  0.43 -0.53]
 [ 0.19 -0.51  0.9   1.    0.32 -0.47  0.49 -0.67]
 [ 0.48 -0.34  0.2   0.32  1.   -0.64 -0.54 -0.4 ]
 [ 0.15  0.43 -0.33 -0.47 -0.64  1.    0.33  0.46]
 [ 0.   -0.31  0.43  0.49 -0.54  0.33  1.   -0.14]
 [ 0.23  0.4  -0.53 -0.67 -0.4   0.46 -0.14  1.  ]]

Matriz de correlação de Pearson:
[[ 1.   -0.06  0.15  0.19  0.48  0.15  0.    0.23]
 [-0.06  1.   -0.39 -0.51 -0.34  0.43 -0.31  0.4 ]
 [ 0.15 -0.39  1.    0.9   0.2  -0.33  0.43 -0.53]
 [ 0.19 -0.51  0.9   1.    0.32 -0.47  0.49 -0.67]
 [ 0.48 -0.34  0.2   0.32  1.   -0.64 -0.54 -0.4 ]
 [ 0.15  0.43 -0.33 -0.47 -0.64  1.    0.33  0.46]
 [ 0.   -0.31  0.43  0.49 -0.54  0.33  1.   -0.14]
 [ 0.23  0.4  -0.53 -0.67 -0.4   0.46 -0.14  1.  ]]

Autovalores:
[ 0.43+0.j  0.25+0.j  0.16+0.j  0.09+0.j  0.05+0.j  0.02+0.j  0.00+0.j
  0.00-0.j]

Variância dos Autovalores:
0.02

Soma dos dois primeiros:
0.67

*** Teste 35 para 7 agentes ***


Matriz de covariância:
[[ 1.   -0.28  0.56 -0.37 -0.46 -0.24 -0.82 -0.08]
 [-0.28  1.   -0.85 -0.42 -0.35 -0.01  0.27  0.12]
 [ 0.56 -0.85  1.    0.29  0.3  -0.07 -0.43 -0.14]
 [-0.37 -0.42  0.29  1.    0.46  0.06  0.28 -0.61]
 [-0.46 -0.35  0.3   0.46  1.   -0.1   0.69 -0.23]
 [-0.24 -0.01 -0.07  0.06 -0.1   1.    0.17  0.45]
 [-0.82  0.27 -0.43  0.28  0.69  0.17  1.   -0.16]
 [-0.08  0.12 -0.14 -0.61 -0.23  0.45 -0.16  1.  ]]

Matriz de correlação de Pearson:
[[ 1.   -0.28  0.56 -0.37 -0.46 -0.24 -0.82 -0.08]
 [-0.28  1.   -0.85 -0.42 -0.35 -0.01  0.27  0.12]
 [ 0.56 -0.85  1.    0.29  0.3  -0.07 -0.43 -0.14]
 [-0.37 -0.42  0.29  1.    0.46  0.06  0.28 -0.61]
 [-0.46 -0.35  0.3   0.46  1.   -0.1   0.69 -0.23]
 [-0.24 -0.01 -0.07  0.06 -0.1   1.    0.17  0.45]
 [-0.82  0.27 -0.43  0.28  0.69  0.17  1.   -0.16]
 [-0.08  0.12 -0.14 -0.61 -0.23  0.45 -0.16  1.  ]]

Autovalores:
[ 0.34  0.32  0.17  0.1   0.04  0.02  0.    0.  ]

Variância dos Autovalores:
0.02

Soma dos dois primeiros:
0.66

*** Teste 36 para 7 agentes ***


Matriz de covariância:
[[ 1.   -0.33 -0.17  0.29 -0.28 -0.01 -0.2  -0.4 ]
 [-0.33  1.   -0.1  -0.42 -0.36  0.49 -0.68 -0.43]
 [-0.17 -0.1   1.    0.53  0.02 -0.11  0.14 -0.17]
 [ 0.29 -0.42  0.53  1.    0.53  0.04 -0.08 -0.13]
 [-0.28 -0.36  0.02  0.53  1.   -0.33  0.19  0.24]
 [-0.01  0.49 -0.11  0.04 -0.33  1.   -0.63 -0.04]
 [-0.2  -0.68  0.14 -0.08  0.19 -0.63  1.    0.73]
 [-0.4  -0.43 -0.17 -0.13  0.24 -0.04  0.73  1.  ]]

Matriz de correlação de Pearson:
[[ 1.   -0.33 -0.17  0.29 -0.28 -0.01 -0.2  -0.4 ]
 [-0.33  1.   -0.1  -0.42 -0.36  0.49 -0.68 -0.43]
 [-0.17 -0.1   1.    0.53  0.02 -0.11  0.14 -0.17]
 [ 0.29 -0.42  0.53  1.    0.53  0.04 -0.08 -0.13]
 [-0.28 -0.36  0.02  0.53  1.   -0.33  0.19  0.24]
 [-0.01  0.49 -0.11  0.04 -0.33  1.   -0.63 -0.04]
 [-0.2  -0.68  0.14 -0.08  0.19 -0.63  1.    0.73]
 [-0.4  -0.43 -0.17 -0.13  0.24 -0.04  0.73  1.  ]]

Autovalores:
[ 0.35+0.j  0.23+0.j  0.17+0.j  0.13+0.j  0.11+0.j  0.01+0.j -0.00+0.j
 -0.00-0.j]

Variância dos Autovalores:
0.01

Soma dos dois primeiros:
0.59

*** Teste 37 para 7 agentes ***


Matriz de covariância:
[[ 1.    0.37 -0.16  0.3   0.45  0.78 -0.06  0.26]
 [ 0.37  1.   -0.81  0.24 -0.1   0.23 -0.02 -0.42]
 [-0.16 -0.81  1.    0.3  -0.22 -0.27 -0.11  0.48]
 [ 0.3   0.24  0.3   1.   -0.29  0.01 -0.46  0.08]
 [ 0.45 -0.1  -0.22 -0.29  1.    0.51  0.18  0.24]
 [ 0.78  0.23 -0.27  0.01  0.51  1.   -0.36 -0.08]
 [-0.06 -0.02 -0.11 -0.46  0.18 -0.36  1.    0.08]
 [ 0.26 -0.42  0.48  0.08  0.24 -0.08  0.08  1.  ]]

Matriz de correlação de Pearson:
[[ 1.    0.37 -0.16  0.3   0.45  0.78 -0.06  0.26]
 [ 0.37  1.   -0.81  0.24 -0.1   0.23 -0.02 -0.42]
 [-0.16 -0.81  1.    0.3  -0.22 -0.27 -0.11  0.48]
 [ 0.3   0.24  0.3   1.   -0.29  0.01 -0.46  0.08]
 [ 0.45 -0.1  -0.22 -0.29  1.    0.51  0.18  0.24]
 [ 0.78  0.23 -0.27  0.01  0.51  1.   -0.36 -0.08]
 [-0.06 -0.02 -0.11 -0.46  0.18 -0.36  1.    0.08]
 [ 0.26 -0.42  0.48  0.08  0.24 -0.08  0.08  1.  ]]

Autovalores:
[ 0.32  0.25  0.22  0.12  0.05  0.04  0.    0.  ]

Variância dos Autovalores:
0.01

Soma dos dois primeiros:
0.57

*** Teste 38 para 7 agentes ***


Matriz de covariância:
[[ 1.   -0.62 -0.15  0.36  0.6   0.85  0.12 -0.09]
 [-0.62  1.   -0.3   0.15 -0.4  -0.49 -0.18 -0.4 ]
 [-0.15 -0.3   1.    0.1   0.1  -0.2  -0.35  0.75]
