
Matriz de covariância:
[[ 1.   -0.16 -0.35  0.95 -0.43  0.56  0.74 -0.05]
 [-0.16  1.   -0.07 -0.12  0.26 -0.61 -0.15  0.63]
 [-0.35 -0.07  1.   -0.45  0.43 -0.29  0.27  0.25]
 [ 0.95 -0.12 -0.45  1.   -0.65  0.55  0.64  0.09]
 [-0.43  0.26  0.43 -0.65  1.   -0.61 -0.24 -0.3 ]
 [ 0.56 -0.61 -0.29  0.55 -0.61  1.    0.55 -0.16]
 [ 0.74 -0.15  0.27  0.64 -0.24  0.55  1.    0.27]
 [-0.05  0.63  0.25  0.09 -0.3  -0.16  0.27  1.  ]]

Matriz de correlação de Pearson:
[[ 1.   -0.16 -0.35  0.95 -0.43  0.56  0.74 -0.05]
 [-0.16  1.   -0.07 -0.12  0.26 -0.61 -0.15  0.63]
 [-0.35 -0.07  1.   -0.45  0.43 -0.29  0.27  0.25]
 [ 0.95 -0.12 -0.45  1.   -0.65  0.55  0.64  0.09]
 [-0.43  0.26  0.43 -0.65  1.   -0.61 -0.24 -0.3 ]
 [ 0.56 -0.61 -0.29  0.55 -0.61  1.    0.55 -0.16]
 [ 0.74 -0.15  0.27  0.64 -0.24  0.55  1.    0.27]
 [-0.05  0.63  0.25  0.09 -0.3  -0.16  0.27  1.  ]]

Autovalores:
[ 0.46  0.22  0.17  0.11  0.04  0.    0.    0.  ]

Variância dos Autovalores:
0.02

Soma dos dois primeiros:
0.68

Dados finais:
[[-1.95 -0.8   0.44  0.54  1.05  0.03 -0.   -0.  ]
 [-3.69  0.56 -0.75  0.17 -0.68 -0.01  0.    0.  ]
 [ 0.89  2.9   1.1  -0.29  0.14  0.01 -0.   -0.  ]
 [ 0.75 -1.55  1.64 -0.32 -0.61  0.05 -0.   -0.  ]
 [ 1.29 -0.6   0.51  1.   -0.07 -0.09  0.    0.  ]
 [ 0.53 -0.61 -0.99 -1.98  0.24 -0.03  0.    0.  ]
 [ 2.19  0.09 -1.95  0.88 -0.07  0.05 -0.   -0.  ]]
