[[ 2.48771024  8.30883346  3.10276775  6.82328136  7.10774208  6.60024717
   1.86351225  8.14416724]
 [ 8.80203346  1.08127999  3.00618399  2.92441746  3.01043826  8.45267037
   3.11898363  5.80194506]
 [ 6.03831383  3.16692452  8.37531275  6.60024717  3.58544978  8.66983986
   1.22768269  1.41192185]]

*** Teste 0 para 3 agentes ***


Matriz de covariância:
[[ 1.   -0.99  0.06 -0.86 -0.95  0.85  0.6  -0.41]
 [-0.99  1.   -0.22  0.76  0.99 -0.93 -0.45  0.56]
 [ 0.06 -0.22  1.    0.47 -0.37  0.57 -0.77 -0.93]
 [-0.86  0.76  0.47  1.    0.65 -0.46 -0.93 -0.12]
 [-0.95  0.99 -0.37  0.65  1.   -0.97 -0.31  0.68]
 [ 0.85 -0.93  0.57 -0.46 -0.97  1.    0.09 -0.82]
 [ 0.6  -0.45 -0.77 -0.93 -0.31  0.09  1.    0.49]
 [-0.41  0.56 -0.93 -0.12  0.68 -0.82  0.49  1.  ]]

Matriz de correlação de Pearson:
[[ 1.   -0.99  0.06 -0.86 -0.95  0.85  0.6  -0.41]
 [-0.99  1.   -0.22  0.76  0.99 -0.93 -0.45  0.56]
 [ 0.06 -0.22  1.    0.47 -0.37  0.57 -0.77 -0.93]
 [-0.86  0.76  0.47  1.    0.65 -0.46 -0.93 -0.12]
 [-0.95  0.99 -0.37  0.65  1.   -0.97 -0.31  0.68]
 [ 0.85 -0.93  0.57 -0.46 -0.97  1.    0.09 -0.82]
 [ 0.6  -0.45 -0.77 -0.93 -0.31  0.09  1.    0.49]
 [-0.41  0.56 -0.93 -0.12  0.68 -0.82  0.49  1.  ]]

Autovalores:
[ 0.62+0.j  0.38+0.j  0.00+0.j  0.00+0.j  0.00+0.j  0.00-0.j -0.00+0.j
 -0.00-0.j]

Variância dos Autovalores:
0.05

Soma dos dois primeiros:
1.0


Para os autovalores de % agentes:
3

Média da soma dos dois primeiros: (1+0j)

Variância dos autovalores: [0.050435195321377753]
