

autovetores [[-0.39455553 -0.36612621  0.39671872 -0.21546559 -0.39108968  0.12184788
   0.43125182  0.39075593]
 [-0.19282832  0.45555661  0.17517307  0.42895735  0.3957566   0.49892188
   0.20522571  0.30484666]
 [ 0.18807078 -0.05621026  0.42802324 -0.52648179  0.20333033  0.55323974
  -0.19761036 -0.33854916]
 [-0.79121231  0.1426797  -0.20967618 -0.17012794 -0.0607397   0.08298909
  -0.51585711 -0.06350526]
 [-0.2595488   0.1029631   0.62846585  0.27462744  0.08510158 -0.43991427
   0.06096161 -0.49715219]
 [ 0.00374615  0.46735518  0.07827084 -0.59566735  0.3098029  -0.44435121
   0.13979942  0.32809979]
 [ 0.26328959  0.12281648  0.42508157  0.16399805 -0.30177325 -0.08278659
  -0.63115646  0.46013673]
 [-0.13207051 -0.63630649 -0.00726342  0.05498695  0.70809349 -0.14592638
  -0.1193502   0.19406121]]

Matriz de covariância:
[[ 1.    0.37 -0.55  0.11 -0.26  0.56 -0.67 -0.8 ]
 [ 0.37  1.   -0.48  0.67  0.16  0.94 -0.47 -0.27]
 [-0.55 -0.48  1.   -0.49  0.64 -0.37  0.7   0.53]
 [ 0.11  0.67 -0.49  1.   -0.05  0.49 -0.06  0.09]
 [-0.26  0.16  0.64 -0.05  1.    0.29  0.23  0.22]
 [ 0.56  0.94 -0.37  0.49  0.29  1.   -0.57 -0.47]
 [-0.67 -0.47  0.7  -0.06  0.23 -0.57  1.    0.92]
 [-0.8  -0.27  0.53  0.09  0.22 -0.47  0.92  1.  ]]

Matriz de correlação de Pearson:
[[ 1.    0.37 -0.55  0.11 -0.26  0.56 -0.67 -0.8 ]
 [ 0.37  1.   -0.48  0.67  0.16  0.94 -0.47 -0.27]
 [-0.55 -0.48  1.   -0.49  0.64 -0.37  0.7   0.53]
 [ 0.11  0.67 -0.49  1.   -0.05  0.49 -0.06  0.09]
 [-0.26  0.16  0.64 -0.05  1.    0.29  0.23  0.22]
 [ 0.56  0.94 -0.37  0.49  0.29  1.   -0.57 -0.47]
 [-0.67 -0.47  0.7  -0.06  0.23 -0.57  1.    0.92]
 [-0.8  -0.27  0.53  0.09  0.22 -0.47  0.92  1.  ]]

Autovalores:
[ 0.51  0.24  0.17  0.05  0.03  0.01  0.    0.  ]

Variância dos Autovalores:
0.03

Soma dos dois primeiros:
0.75

Dados finais:
[[ 1.47 -0.52  0.3   0.59  0.77  0.82 -0.11  0.44]
 [-1.31  0.99  2.16 -0.16 -0.25  0.4  -0.    0.01]
 [ 2.    0.79 -0.99  0.15  0.89  1.2  -0.5   1.95]
 [-0.8  -2.98  0.24  0.28 -0.51 -0.63  0.12 -0.48]
 [ 1.17 -0.31 -0.25 -1.44  0.46  0.22 -0.11  0.44]
 [-2.52  1.29  0.09  0.41 -0.41 -1.58  0.28 -1.11]
 [-0.01  0.73 -1.56  0.17 -0.95 -0.44  0.32 -1.25]]
