
QTD AGENTES 7

NOTAS
Plato & 3.0 & 3.5 & 9.0 & 5.0 & 4.5 & 3.5 & 5.0 & 4.5 \
Aristotle & 8.0 & 7.5 & 7.0 & 5.5 & 7.5 & 8.0 & 2.5 & 2.5 \
Descartes & 1.5 & 2.5 & 9.0 & 6.5 & 7.0 & 2.5 & 7.5 & 7.5 \
Espinoza & 8.0 & 2.0 & 1.0 & 5.0 & 2.0 & 3.0 & 1.0 & 1.0 \
Kant & 7.0 & 2.5 & 8.5 & 6.5 & 4.5 & 3.5 & 7.5 & 5.0 \
Nietzsche & 7.5 & 9.0 & 1.0 & 9.0 & 5.0 & 8.0 & 1.0 & 1.5 \
Deleuze & 5.5 & 7.5 & 1.0 & 8.0 & 2.5 & 5.5 & 5.0 & 6.0 \
MEDIA 5.02678571429

Z-SCORES DAS NOTAS
[-1.16, -0.52, 1.02, -1.06, -0.11, -0.63, 0.31, 0.22]
[0.92, 0.94, 0.48, -0.71, 1.46, 1.45, -0.67, -0.67]
[-1.78, -0.89, 1.02, 0.0, 1.2, -1.09, 1.28, 1.57]
[0.92, -1.07, -1.14, -1.06, -1.42, -0.86, -1.25, -1.34]
[0.51, -0.89, 0.89, 0.0, -0.11, -0.63, 1.28, 0.45]
[0.71, 1.49, -1.14, 1.77, 0.15, 1.45, -1.25, -1.12]
[-0.12, 0.94, -1.14, 1.06, -1.16, 0.3, 0.31, 0.89]
MEDIA 0.892136302389

MATRIZ DE COVARIANCIA
[1.0, 0.37, -0.55, 0.11, -0.26, 0.56, -0.67, -0.8]
[0.37, 1.0, -0.48, 0.67, 0.16, 0.94, -0.47, -0.27]
[-0.55, -0.48, 1.0, -0.49, 0.64, -0.37, 0.7, 0.53]
[0.11, 0.67, -0.49, 1.0, -0.05, 0.49, -0.06, 0.09]
[-0.26, 0.16, 0.64, -0.05, 1.0, 0.29, 0.23, 0.22]
[0.56, 0.94, -0.37, 0.49, 0.29, 1.0, -0.57, -0.47]
[-0.67, -0.47, 0.7, -0.06, 0.23, -0.57, 1.0, 0.92]
[-0.8, -0.27, 0.53, 0.09, 0.22, -0.47, 0.92, 1.0]
MEDIA 0.512980305707

Z-SCORES DA MATRIZ DE COV.
[1.71, 0.23, -1.1, -0.26, -1.46, 0.55, -1.26, -1.57]
[0.66, 1.35, -0.98, 1.01, -0.33, 1.2, -0.95, -0.7]
[-0.86, -1.27, 1.44, -1.6, 0.99, -1.03, 0.89, 0.62]
[0.22, 0.76, -1.01, 1.77, -0.91, 0.44, -0.31, -0.1]
[-0.37, -0.14, 0.85, -0.61, 1.97, 0.1, 0.15, 0.11]
[0.97, 1.24, -0.82, 0.61, 0.04, 1.3, -1.11, -1.03]
[-1.06, -1.26, 0.95, -0.63, -0.13, -1.36, 1.36, 1.27]
[-1.28, -0.91, 0.66, -0.29, -0.17, -1.2, 1.23, 1.4]
MEDIA 0.876900960454

DPs
[1.0, 1.0, 1.0, 1.0, 1.0, 1.0, 1.0, 1.0]

PEARSON
[[ 1.    0.37 -0.55  0.11 -0.26  0.56 -0.67 -0.8 ]
 [ 0.37  1.   -0.48  0.67  0.16  0.94 -0.47 -0.27]
 [-0.55 -0.48  1.   -0.49  0.64 -0.37  0.7   0.53]
 [ 0.11  0.67 -0.49  1.   -0.05  0.49 -0.06  0.09]
 [-0.26  0.16  0.64 -0.05  1.    0.29  0.23  0.22]
 [ 0.56  0.94 -0.37  0.49  0.29  1.   -0.57 -0.47]
 [-0.67 -0.47  0.7  -0.06  0.23 -0.57  1.    0.92]
 [-0.8  -0.27  0.53  0.09  0.22 -0.47  0.92  1.  ]]
MEDIA 0.5134375

Z-SCORES DE PEARSON
[1.71, 0.23, -1.1, -0.25, -1.47, 0.55, -1.26, -1.57]
[0.66, 1.34, -0.99, 1.02, -0.32, 1.2, -0.95, -0.7]
[-0.86, -1.27, 1.44, -1.6, 0.99, -1.03, 0.89, 0.62]
[0.23, 0.76, -1.01, 1.76, -0.9, 0.44, -0.31, -0.1]
[-0.38, -0.14, 0.85, -0.61, 1.97, 0.1, 0.15, 0.11]
[0.98, 1.24, -0.81, 0.61, 0.03, 1.3, -1.11, -1.03]
[-1.06, -1.26, 0.95, -0.63, -0.13, -1.37, 1.36, 1.27]
[-1.28, -0.9, 0.67, -0.29, -0.16, -1.2, 1.23, 1.4]
MEDIA 0.876818171787

AUTOVALORES [51.26, 23.57, 16.7, 4.76, 2.64, 1.08, 0.0] SOMA 1.0

SOMA DOIS PRIMEIROS 0.75
