

autovetores [[ 0.46794205 -0.09777587 -0.02938493 -0.4451341  -0.15253784  0.04749777
   0.6245139   0.22811668]
 [-0.20246116 -0.58204668  0.32304334 -0.28309989  0.3182569   0.43964537
  -0.25608649 -0.37258872]
 [-0.21255621 -0.15686031 -0.73366673  0.14016296 -0.30996466  0.14697113
  -0.18466485 -0.44181937]
 [ 0.48294897 -0.15323327  0.12390931 -0.23075376 -0.3620654  -0.36365835
  -0.63913362 -0.52618142]
 [-0.37901814  0.086362   -0.26471685 -0.60964415  0.34762201 -0.53410614
  -0.0304833  -0.03004706]
 [ 0.43241322  0.21563568 -0.12521375  0.29234014  0.68776442 -0.07880999
  -0.16630469 -0.38206816]
 [ 0.36185118 -0.26726675 -0.50534595 -0.17268298  0.22018991  0.28089232
  -0.03442075  0.36881664]
 [-0.0069032  -0.69151087 -0.00557744  0.40232943  0.07701138 -0.52936483
   0.26839884  0.23273281]]


a [[ -1.94822968e+00  -8.02183976e-01  -4.61635071e-01   5.35279582e-01
        -1.05334231e+00  -2.50699257e-02   2.58206241e-16]
 [ -3.69743250e+00   5.26521989e-01   7.63604732e-01   1.74054321e-01
         6.80594955e-01   9.44872675e-03   3.84941336e-16]
 [  8.70489441e-01   2.92788192e+00  -1.03437595e+00  -3.12655067e-01
        -1.38556724e-01  -8.70402135e-03  -1.32214862e-17]
 [  7.61280713e-01  -1.50451026e+00  -1.66857973e+00  -3.39557081e-01
         6.05705464e-01  -5.02544093e-02  -1.17932569e-16]
 [  1.29049185e+00  -5.80945911e-01  -5.37475514e-01   9.96345014e-01
         7.29681531e-02   9.23653525e-02  -2.23297840e-16]
 [  5.33398859e-01  -6.32709799e-01   9.98000662e-01  -1.96404852e+00
        -2.39135258e-01   2.91665936e-02  -2.30795073e-16]
 [  2.19000131e+00   6.59460339e-02   1.94046087e+00   9.10581752e-01
         7.17657231e-02  -4.69523165e-02  -5.26720286e-16]] 

b [[ 0.46887979 -0.19898138 -0.21138326  0.48396274 -0.3788952   0.4309686 
        0.36379904 -0.00317523]
 [-0.09702888 -0.57670102 -0.17408571 -0.14828747  0.07630672  0.21620394
       -0.27693215 -0.69025216]
 [ 0.0330318  -0.3320982   0.72807148 -0.12436469  0.27496464  0.12589381
        0.50137099 -0.01540617]
 [-0.44405395 -0.28601514  0.15040244 -0.23161526 -0.6065184   0.29375713
       -0.1647651   0.40427657]
 [ 0.15253736 -0.31825671  0.30996488  0.3620649  -0.34762163 -0.68776485
       -0.22019029 -0.07701138]
 [-0.04749776 -0.43964537 -0.14697113  0.36365835  0.53410614  0.07880999
       -0.28089232  0.52936483]
 [-0.4188939  -0.15977163 -0.11355158  0.55779636 -0.12377683  0.02000384
        0.6685198  -0.11104323]] 

c [  4.56248133e-01   2.23195302e-01   1.73224369e-01   1.10878936e-01
        3.61870882e-02   2.66171675e-04   0.00000000e+00]

Matriz de covariância:
[[ 1.   -0.16 -0.35  0.95 -0.43  0.56  0.74 -0.05]
 [-0.16  1.   -0.07 -0.12  0.26 -0.61 -0.15  0.63]
 [-0.35 -0.07  1.   -0.45  0.43 -0.29  0.27  0.25]
 [ 0.95 -0.12 -0.45  1.   -0.65  0.55  0.64  0.09]
 [-0.43  0.26  0.43 -0.65  1.   -0.61 -0.24 -0.3 ]
 [ 0.56 -0.61 -0.29  0.55 -0.61  1.    0.55 -0.16]
 [ 0.74 -0.15  0.27  0.64 -0.24  0.55  1.    0.27]
 [-0.05  0.63  0.25  0.09 -0.3  -0.16  0.27  1.  ]]

Matriz de correlação de Pearson:
[[ 1.   -0.16 -0.35  0.95 -0.43  0.56  0.74 -0.05]
 [-0.16  1.   -0.07 -0.12  0.26 -0.61 -0.15  0.63]
 [-0.35 -0.07  1.   -0.45  0.43 -0.29  0.27  0.25]
 [ 0.95 -0.12 -0.45  1.   -0.65  0.55  0.64  0.09]
 [-0.43  0.26  0.43 -0.65  1.   -0.61 -0.24 -0.3 ]
 [ 0.56 -0.61 -0.29  0.55 -0.61  1.    0.55 -0.16]
 [ 0.74 -0.15  0.27  0.64 -0.24  0.55  1.    0.27]
 [-0.05  0.63  0.25  0.09 -0.3  -0.16  0.27  1.  ]]

Autovalores:
[ 0.46  0.22  0.17  0.11  0.04  0.    0.    0.  ]

Variância dos Autovalores:
0.02

Soma dos dois primeiros:
0.68

Dados finais:
[[-1.95 -0.8   0.44  0.54  1.05  0.03 -0.   -0.  ]
 [-3.69  0.56 -0.75  0.17 -0.68 -0.01  0.    0.  ]
 [ 0.89  2.9   1.1  -0.29  0.14  0.01 -0.   -0.  ]
 [ 0.75 -1.55  1.64 -0.32 -0.61  0.05 -0.   -0.  ]
 [ 1.29 -0.6   0.51  1.   -0.07 -0.09  0.    0.  ]
 [ 0.53 -0.61 -0.99 -1.98  0.24 -0.03  0.    0.  ]
 [ 2.19  0.09 -1.95  0.88 -0.07  0.05 -0.   -0.  ]]
