NOTAS
A1 & 5.83481138058 & 5.30042818539 & 8.86815599216 & 1.02828756274 & 8.7474579133 & 2.17700616241 & 4.74732819756 & 6.82839660675 \
A2 & 4.62587407844 & 1.90773655025 & 5.05500541625 & 1.44993877569 & 7.50454746073 & 1.78907048322 & 5.02443101664 & 5.71035451661 \
A3 & 8.43264621168 & 8.33970939126 & 8.49581651133 & 2.55743176678 & 6.4827834341 & 2.45904581264 & 1.75779682815 & 1.58625446743 \
A4 & 2.11533552934 & 2.38244286182 & 8.90077746248 & 5.53879983692 & 1.24893916351 & 3.31096123418 & 3.86266530943 & 3.47496784291 \
A5 & 4.15083620344 & 8.8344554868 & 4.55108433456 & 7.31502420916 & 5.7189802793 & 3.27470025901 & 8.14835415157 & 2.82555505813 \
A6 & 8.96043578207 & 7.77856244798 & 3.50105262866 & 5.97218054428 & 8.30983789058 & 3.65351873144 & 2.3887672192 & 1.27865432387 \
A7 & 7.41624593903 & 7.59704291866 & 3.84275613546 & 2.96400261345 & 7.74970748611 & 6.27211257937 & 6.16466363664 & 2.40798945394 \
A8 & 3.48731244577 & 2.54187811756 & 6.85867487069 & 7.12430520246 & 6.30704222849 & 1.35692530401 & 5.06126160452 & 8.79382219546 \
A9 & 3.9446537501 & 2.97886530354 & 4.14203256068 & 6.31483074036 & 4.06387910042 & 2.95764348817 & 4.75819910388 & 6.60880150768 \
A10 & 2.85107382365 & 6.1877197511 & 3.38923862474 & 5.87246022362 & 6.50753498207 & 2.64203714024 & 2.19998105266 & 3.59375008753 \
A11 & 6.50407183565 & 3.35271590205 & 5.64150142269 & 1.92604001563 & 8.17127267609 & 5.57078910313 & 4.99699781412 & 4.00695244564 \
A12 & 5.18672800022 & 6.69849926521 & 4.41216044496 & 3.01748012966 & 7.20516674285 & 5.7784027485 & 3.0981748513 & 7.27998524115 \
A13 & 2.48103306593 & 7.48704398698 & 1.85951173308 & 6.71423238991 & 4.66233548745 & 6.41713413344 & 5.41932675623 & 1.8043392273 \
A14 & 5.33704530825 & 2.65070333241 & 2.0828032673 & 4.01905631061 & 1.18566633556 & 2.93588152349 & 7.94090625006 & 1.98774464736 \
A15 & 8.24350672967 & 1.16687291279 & 6.12502445073 & 8.94934687191 & 6.55917699186 & 3.99669161869 & 4.42685720264 & 8.36226914007 \
MATRIZ DE COVARIANCIA
[[ 4.6058926   1.06884386  0.51739048 -1.13190222  2.5411791   0.4425504
  -0.85656758 -0.67868178]
 [ 1.06884386  6.69045528 -1.23633215 -0.47680167  1.87811994  1.40834325
  -0.6649856  -3.78990827]
 [ 0.51739048 -1.23633215  4.85837155 -1.25576108  0.62668207 -1.49392231
  -1.28518439  1.92554391]
 [-1.13190222 -0.47680167 -1.25576108  5.58449996 -1.84775824 -0.06915784
   0.39386297  0.68050263]
 [ 2.5411791   1.87811994  0.62668207 -1.84775824  5.10858396  0.37905447
  -1.32191067  1.19956576]
 [ 0.4425504   1.40834325 -1.49392231 -0.06915784  0.37905447  2.49606788
   0.26940796 -1.09945241]
 [-0.85656758 -0.6649856  -1.28518439  0.39386297 -1.32191067  0.26940796
   3.26399787 -0.21911655]
 [-0.67868178 -3.78990827  1.92554391  0.68050263  1.19956576 -1.09945241
  -0.21911655  6.27306265]]
DPs
[ 2.14613434  2.58659144  2.2041714   2.36315466  2.26021768  1.5798949
  1.80665378  2.50460828]
PEARSON
[[ 1.    0.19  0.11 -0.22  0.52  0.13 -0.22 -0.13]
 [ 0.19  1.   -0.22 -0.08  0.32  0.34 -0.14 -0.59]
 [ 0.11 -0.22  1.   -0.24  0.13 -0.43 -0.32  0.35]
 [-0.22 -0.08 -0.24  1.   -0.35 -0.02  0.09  0.11]
 [ 0.52  0.32  0.13 -0.35  1.    0.11 -0.32  0.21]
 [ 0.13  0.34 -0.43 -0.02  0.11  1.    0.09 -0.28]
 [-0.22 -0.14 -0.32  0.09 -0.32  0.09  1.   -0.05]
 [-0.13 -0.59  0.35  0.11  0.21 -0.28 -0.05  1.  ]]
AUTOVALORES [ 30.9159925   25.70530048  12.89499569  10.62873072   8.32635599   5.51733925
        4.18410011   1.82718526] 1.0
SOMA DOIS PRIMEIROS 0.57
