NOTAS
Plato & 3.0 & 3.5 & 9.0 & 5.0 & 4.5 & 3.5 & 5.0 & 4.5 \
Aristotle & 8.0 & 7.5 & 7.0 & 5.5 & 7.5 & 8.0 & 2.5 & 2.5 \
Descartes & 1.5 & 2.5 & 9.0 & 6.5 & 7.0 & 2.5 & 7.5 & 7.5 \
Espinoza & 8.0 & 2.0 & 1.0 & 5.0 & 2.0 & 3.0 & 1.0 & 1.0 \
Kant & 7.0 & 2.5 & 8.5 & 6.5 & 4.5 & 3.5 & 7.5 & 5.0 \
Nietzsche & 7.5 & 9.0 & 1.0 & 9.0 & 5.0 & 8.0 & 1.0 & 1.5 \
Deleuze & 5.5 & 7.5 & 1.0 & 8.0 & 2.5 & 5.5 & 5.0 & 6.0 \
NOTAS NORMALIZADAS
Plato & -0.783527619088 & -0.590234461956 & 1.53599026649 & -0.0103549905606 & -0.203648147693 & -0.590234461956 & -0.0103549905606 & -0.203648147693 \
Aristotle & 1.14940395223 & 0.956110795099 & 0.762817637967 & 0.182938166571 & 0.956110795099 & 1.14940395223 & -0.97682077622 & -0.97682077622 \
Descartes & -1.36340709048 & -0.97682077622 & 1.53599026649 & 0.569524480835 & 0.762817637967 & -0.97682077622 & 0.956110795099 & 0.956110795099 \
Espinoza & 1.14940395223 & -1.17011393335 & -1.55670024762 & -0.0103549905606 & -1.17011393335 & -0.783527619088 & -1.55670024762 & -1.55670024762 \
Kant & 0.762817637967 & -0.97682077622 & 1.34269710936 & 0.569524480835 & -0.203648147693 & -0.590234461956 & 0.956110795099 & -0.0103549905606 \
Nietzsche & 0.956110795099 & 1.53599026649 & -1.55670024762 & 1.53599026649 & -0.0103549905606 & 1.14940395223 & -1.55670024762 & -1.36340709048 \
Deleuze & 0.182938166571 & 0.956110795099 & -1.55670024762 & 1.14940395223 & -0.97682077622 & 0.182938166571 & -0.0103549905606 & 0.376231323703 \
DISTANCIAS
Plato -> Aristotle = 23.5. soma = 9.0847783852
Aristotle -> Descartes = 30.5. soma = 11.790882585
Descartes -> Espinoza = 35.0. soma = 13.5305209992
Espinoza -> Kant = 24.0. soma = 9.27807154233
Kant -> Nietzsche = 32.0. soma = 12.3707620564
Nietzsche -> Deleuze = 18.0. soma = 6.95855365675
Plato -> Kant = 10.0. soma = 3.86586314264
Aristotle -> Deleuze = 24.5. soma = 9.47136469946
PEARSON
['1.0', '0.37', '-0.55', '0.11', '-0.26', '0.56', '-0.67', '-0.8']
['0.37', '1.0', '-0.48', '0.67', '0.16', '0.94', '-0.47', '-0.27']
['-0.55', '-0.48', '1.0', '-0.49', '0.64', '-0.37', '0.7', '0.53']
['0.11', '0.67', '-0.49', '1.0', '-0.05', '0.49', '-0.06', '0.09']
['-0.26', '0.16', '0.64', '-0.05', '1.0', '0.29', '0.23', '0.22']
['0.56', '0.94', '-0.37', '0.49', '0.29', '1.0', '-0.57', '-0.47']
['-0.67', '-0.47', '0.7', '-0.06', '0.23', '-0.57', '1.0', '0.92']
['-0.8', '-0.27', '0.53', '0.09', '0.22', '-0.47', '0.92', '1.0']
AUTOVALORES [ 51.25604207  23.56565455  16.69501671   4.76227843   2.6427582    1.07825004
        0.        ]
CONTRIBUICOES
C1 [14.607419500923264, 13.44183605204457, 14.671303392398, 7.872753884184777, 4.573164765670524, 14.379370313002799, 15.964830149894723, 14.48932194188136]
C2 [7.290514457786814, 17.24860965058797, 6.305697578126301, 16.464604552913706, 18.480592974053813, 14.866340871431364, 7.755941169783844, 11.587698745316182]
OPOSICAO [1.0, 0.86225638954244754, 0.98035630581081445, 0.5693686115876424, 1.8021210918986885, 0.3647792014786298]
INOVACAO [1.1102230246251565e-16, 0.86564201061892743, 1.4930856706350799, 0.47154736070714509, 0.87269809912663532, 0.3148431796825798]
DIALÉTICAS [0.69584987170245882, 0.46570011200560496, 0.13703539436814344, 0.048409630535426532, 0.014552310044340844]
