
QTD AGENTES 7

NOTAS
A1 & 8.51802471898 & 7.26709171165 & 3.31957668427 & 4.80160861738 & 1.35200657002 & 5.77347519069 & 1.00035482708 & 7.86039972075 \
A2 & 1.64520454849 & 4.74497401999 & 7.50968688089 & 4.924575332 & 2.94670798159 & 3.84596848759 & 1.087017565 & 5.29217175347 \
A3 & 8.30365173187 & 2.827291356 & 1.88974633096 & 3.61207345616 & 8.66629503201 & 6.71306941643 & 1.88445966423 & 7.18046024934 \
A4 & 2.21487768581 & 6.80747405812 & 5.64381555562 & 3.62433528604 & 5.25299343331 & 4.31803576947 & 5.21066506233 & 5.96265913264 \
A5 & 5.94135809325 & 7.15579084302 & 2.63030082019 & 4.57066499038 & 4.5306030037 & 3.10024486889 & 5.27081701178 & 3.27582396157 \
A6 & 3.85305509895 & 5.49318359781 & 8.22273558244 & 1.06061722178 & 4.04946323576 & 5.99348382173 & 2.25401695684 & 4.98550047931 \
A7 & 8.30295896756 & 1.71977693577 & 5.27031656113 & 7.57653125466 & 6.86196413124 & 7.46811536971 & 4.08462842545 & 1.45310013824 \
MEDIA 4.77010355717

Z-SCORES DAS NOTAS
[1.08, 1.05, -0.72, 0.27, -1.54, 0.31, -1.15, 1.33]
[-1.41, -0.2, 1.15, 0.34, -0.83, -0.99, -1.1, 0.07]
[1.0, -1.14, -1.35, -0.39, 1.72, 0.94, -0.63, 0.99]
[-1.2, 0.82, 0.32, -0.38, 0.2, -0.67, 1.3, 0.4]
[0.15, 0.99, -1.02, 0.14, -0.12, -1.5, 1.34, -0.91]
[-0.61, 0.17, 1.47, -1.8, -0.34, 0.46, -0.42, -0.08]
[1.0, -1.69, 0.15, 1.81, 0.91, 1.45, 0.65, -1.8]
MEDIA 0.856881758616

MATRIZ DE COVARIANCIA
[1.0, -0.34, -0.72, 0.4, 0.3, 0.64, -0.11, -0.01]
[-0.34, 1.0, -0.03, -0.41, -0.71, -0.71, 0.14, 0.39]
[-0.72, -0.03, 1.0, -0.27, -0.33, -0.06, -0.15, -0.22]
[0.4, -0.41, -0.27, 1.0, 0.11, 0.18, 0.17, -0.49]
[0.3, -0.71, -0.33, 0.11, 1.0, 0.46, 0.34, -0.26]
[0.64, -0.71, -0.06, 0.18, 0.46, 1.0, -0.28, -0.04]
[-0.11, 0.14, -0.15, 0.17, 0.34, -0.28, 1.0, -0.58]
[-0.01, 0.39, -0.22, -0.49, -0.26, -0.04, -0.58, 1.0]
MEDIA 0.401562066719

Z-SCORES DA MATRIZ DE COV.
[1.66, -0.47, -1.34, 0.69, 0.37, 0.96, -0.4, 0.04]
[-0.94, 1.98, 0.15, -1.09, -1.64, -1.69, 0.16, 0.86]
[-1.67, 0.1, 2.38, -0.79, -0.89, -0.41, -0.48, -0.41]
[0.5, -0.59, -0.38, 2.01, 0.0, 0.06, 0.23, -0.96]
[0.3, -1.14, -0.51, 0.06, 1.77, 0.61, 0.63, -0.49]
[0.95, -1.14, 0.08, 0.2, 0.68, 1.68, -0.79, -0.03]
[-0.5, 0.41, -0.11, 0.18, 0.46, -0.85, 2.1, -1.16]
[-0.29, 0.86, -0.26, -1.26, -0.75, -0.37, -1.45, 2.14]
MEDIA 0.789627947643

DPs
[1.0, 1.0, 1.0, 1.0, 1.0, 1.0, 1.0, 1.0]

PEARSON
[[ 1.   -0.34 -0.72  0.4   0.3   0.64 -0.11 -0.01]
 [-0.34  1.   -0.03 -0.41 -0.71 -0.71  0.14  0.39]
 [-0.72 -0.03  1.   -0.27 -0.33 -0.06 -0.15 -0.22]
 [ 0.4  -0.41 -0.27  1.    0.11  0.18  0.17 -0.49]
 [ 0.3  -0.71 -0.33  0.11  1.    0.46  0.34 -0.26]
 [ 0.64 -0.71 -0.06  0.18  0.46  1.   -0.28 -0.04]
 [-0.11  0.14 -0.15  0.17  0.34 -0.28  1.   -0.58]
 [-0.01  0.39 -0.22 -0.49 -0.26 -0.04 -0.58  1.  ]]
MEDIA 0.4015625

Z-SCORES DE PEARSON
[1.65, -0.47, -1.35, 0.69, 0.37, 0.97, -0.4, 0.03]
[-0.94, 1.98, 0.15, -1.09, -1.64, -1.69, 0.17, 0.87]
[-1.67, 0.1, 2.38, -0.78, -0.89, -0.41, -0.49, -0.4]
[0.49, -0.59, -0.37, 2.01, -0.01, 0.06, 0.23, -0.97]
[0.3, -1.14, -0.5, 0.05, 1.77, 0.61, 0.62, -0.49]
[0.96, -1.14, 0.08, 0.21, 0.69, 1.68, -0.78, -0.03]
[-0.49, 0.41, -0.11, 0.18, 0.45, -0.84, 2.1, -1.15]
[-0.3, 0.86, -0.27, -1.27, -0.75, -0.37, -1.45, 2.14]
MEDIA 0.789388135075

AUTOVALORES [37.89, 23.28, 18.45, 12.48, 5.56, 2.34, 0.0] SOMA 1.0

SOMA DOIS PRIMEIROS 0.61
