
QTD AGENTES 7

NOTAS
Plato & 3.0 & 3.5 & 9.0 & 5.0 & 4.5 & 3.5 & 5.0 & 4.5 \
Aristotle & 8.0 & 7.5 & 7.0 & 5.5 & 7.5 & 8.0 & 2.5 & 2.5 \
Descartes & 1.5 & 2.5 & 9.0 & 6.5 & 7.0 & 2.5 & 7.5 & 7.5 \
Espinoza & 8.0 & 2.0 & 1.0 & 5.0 & 2.0 & 3.0 & 1.0 & 1.0 \
Kant & 7.0 & 2.5 & 8.5 & 6.5 & 4.5 & 3.5 & 7.5 & 5.0 \
Nietzsche & 7.5 & 9.0 & 1.0 & 9.0 & 5.0 & 8.0 & 1.0 & 1.5 \
Deleuze & 5.5 & 7.5 & 1.0 & 8.0 & 2.5 & 5.5 & 5.0 & 6.0 \
MEDIA 5.02678571429

Z-SCORES DAS NOTAS
[-1.16, -0.52, 1.02, -1.06, -0.11, -0.63, 0.31, 0.22]
[0.92, 0.94, 0.48, -0.71, 1.46, 1.45, -0.67, -0.67]
[-1.78, -0.89, 1.02, 0.0, 1.2, -1.09, 1.28, 1.57]
[0.92, -1.07, -1.14, -1.06, -1.42, -0.86, -1.25, -1.34]
[0.51, -0.89, 0.89, 0.0, -0.11, -0.63, 1.28, 0.45]
[0.71, 1.49, -1.14, 1.77, 0.15, 1.45, -1.25, -1.12]
[-0.12, 0.94, -1.14, 1.06, -1.16, 0.3, 0.31, 0.89]
MEDIA 0.892136302389

MATRIZ DE COVARIANCIA
[5.78, 2.41, -4.88, 0.36, -1.17, 2.9, -4.13, -4.29]
[2.41, 7.46, -4.81, 2.57, 0.84, 5.56, -3.31, -1.68]
[-4.88, -4.81, 13.7, -2.57, 4.53, -3.01, 6.7, 4.36]
[0.36, 2.57, -2.57, 2.0, -0.14, 1.5, -0.21, 0.29]
[-1.17, 0.84, 4.53, -0.14, 3.63, 1.21, 1.13, 0.93]
[2.9, 5.56, -3.01, 1.5, 1.21, 4.69, -3.18, -2.29]
[-4.13, -3.31, 6.7, -0.21, 1.13, -3.18, 6.63, 5.29]
[-4.29, -1.68, 4.36, 0.29, 0.93, -2.29, 5.29, 5.0]
MEDIA 3.14620535714

Z-SCORES DA MATRIZ DE COV.
[1.68, 0.32, -1.07, -0.08, -1.45, 0.61, -1.23, -1.54]
[0.76, 1.59, -1.05, 1.4, -0.31, 1.44, -1.03, -0.78]
[-1.23, -1.49, 1.92, -2.03, 1.81, -1.22, 1.31, 1.0]
[0.2, 0.36, -0.69, 1.02, -0.87, 0.18, -0.31, -0.2]
[-0.22, -0.07, 0.45, -0.41, 1.3, 0.09, 0.0, -0.01]
[0.89, 1.11, -0.76, 0.69, -0.09, 1.17, -1.0, -0.95]
[-1.03, -1.12, 0.8, -0.46, -0.14, -1.28, 1.29, 1.28]
[-1.07, -0.71, 0.42, -0.13, -0.25, -1.0, 0.97, 1.19]
MEDIA 0.852168233125

DPs
[2.4, 2.73, 3.7, 1.41, 1.91, 2.17, 2.58, 2.24]

PEARSON
[[ 1.    0.37 -0.55  0.11 -0.26  0.56 -0.67 -0.8 ]
 [ 0.37  1.   -0.48  0.67  0.16  0.94 -0.47 -0.27]
 [-0.55 -0.48  1.   -0.49  0.64 -0.37  0.7   0.53]
 [ 0.11  0.67 -0.49  1.   -0.05  0.49 -0.06  0.09]
 [-0.26  0.16  0.64 -0.05  1.    0.29  0.23  0.22]
 [ 0.56  0.94 -0.37  0.49  0.29  1.   -0.57 -0.47]
 [-0.67 -0.47  0.7  -0.06  0.23 -0.57  1.    0.92]
 [-0.8  -0.27  0.53  0.09  0.22 -0.47  0.92  1.  ]]
MEDIA 0.5134375

Z-SCORES DE PEARSON
[1.71, 0.23, -1.1, -0.25, -1.47, 0.55, -1.26, -1.57]
[0.66, 1.34, -0.99, 1.02, -0.32, 1.2, -0.95, -0.7]
[-0.86, -1.27, 1.44, -1.6, 0.99, -1.03, 0.89, 0.62]
[0.23, 0.76, -1.01, 1.76, -0.9, 0.44, -0.31, -0.1]
[-0.38, -0.14, 0.85, -0.61, 1.97, 0.1, 0.15, 0.11]
[0.98, 1.24, -0.81, 0.61, 0.03, 1.3, -1.11, -1.03]
[-1.06, -1.26, 0.95, -0.63, -0.13, -1.37, 1.36, 1.27]
[-1.28, -0.9, 0.67, -0.29, -0.16, -1.2, 1.23, 1.4]
MEDIA 0.876818171787

AUTOVALORES [59.19, 19.82, 13.96, 4.57, 1.58, 0.88, 0.0] SOMA 1.0

SOMA DOIS PRIMEIROS 0.79
