
QTD AGENTES 7

NOTAS
A1 & 7.71446571797 & 5.52263657011 & 5.25458808062 & 3.67048476206 & 2.99992155379 & 4.73983256793 & 1.05208323648 & 3.72951350461 \
A2 & 7.92675754142 & 4.88876384435 & 5.58449458756 & 1.75279071834 & 2.35447013914 & 6.41924868166 & 8.39981623292 & 1.60385450022 \
A3 & 3.09407995563 & 7.54548515542 & 5.31594723661 & 8.71015914573 & 7.05571236924 & 1.72840662587 & 2.36283658414 & 2.15287797422 \
A4 & 5.51877794782 & 5.92417771294 & 7.09756443594 & 7.31379483117 & 8.52190819509 & 1.84291620807 & 3.21856916974 & 4.03756962461 \
A5 & 4.06129392091 & 8.86610659445 & 4.87891687819 & 4.70381544661 & 4.0980878337 & 3.71010975234 & 7.32222180099 & 3.19209305961 \
A6 & 6.18609395378 & 6.82091591665 & 1.3724406644 & 7.57369462109 & 2.71015892166 & 6.7380577893 & 8.75041725621 & 5.84089690522 \
A7 & 6.63889101956 & 7.43959510103 & 4.49935266629 & 8.16639987002 & 2.67004411598 & 7.60194993202 & 6.01299263764 & 2.40446934877 \
MEDIA 5.13059859675

Z-SCORES DAS NOTAS
[1.1, -0.94, 0.25, -0.95, -0.59, 0.03, -1.49, 0.34]
[1.23, -1.44, 0.45, -1.74, -0.88, 0.79, 1.08, -1.27]
[-1.67, 0.66, 0.28, 1.12, 1.19, -1.35, -1.03, -0.85]
[-0.22, -0.62, 1.39, 0.55, 1.84, -1.3, -0.73, 0.57]
[-1.09, 1.7, 0.01, -0.53, -0.11, -0.44, 0.71, -0.07]
[0.19, 0.08, -2.16, 0.65, -0.72, 0.94, 1.21, 1.94]
[0.46, 0.57, -0.22, 0.9, -0.74, 1.33, 0.25, -0.66]
MEDIA 0.850553647137

MATRIZ DE COVARIANCIA
[2.77, -1.61, -0.18, -2.36, -2.42, 2.5, 0.77, 0.08]
[-1.61, 1.61, -0.54, 1.53, 0.32, -0.46, 0.55, 0.06]
[-0.18, -0.54, 2.6, -0.87, 2.13, -2.09, -2.53, -1.21]
[-2.36, 1.53, -0.87, 5.91, 2.65, -1.2, -1.37, 0.89]
[-2.42, 0.32, 2.13, 2.65, 5.16, -4.49, -3.49, 0.02]
[2.5, -0.46, -2.09, -1.2, -4.49, 4.79, 3.85, 0.16]
[0.77, 0.55, -2.53, -1.37, -3.49, 3.85, 8.16, 0.38]
[0.08, 0.06, -1.21, 0.89, 0.02, 0.16, 0.38, 1.74]
MEDIA 1.78391286466

Z-SCORES DA MATRIZ DE COV.
[1.5, -1.78, 0.09, -1.19, -0.78, 0.72, -0.0, -0.24]
[-0.82, 1.41, -0.12, 0.35, 0.11, -0.29, -0.07, -0.26]
[-0.07, -0.71, 1.71, -0.6, 0.69, -0.84, -0.95, -1.88]
[-1.22, 1.33, -0.31, 2.08, 0.86, -0.54, -0.62, 0.8]
[-1.25, 0.14, 1.43, 0.79, 1.67, -1.66, -1.22, -0.31]
[1.35, -0.63, -1.02, -0.73, -1.45, 1.5, 0.87, -0.14]
[0.44, 0.36, -1.27, -0.8, -1.13, 1.18, 2.11, 0.15]
[0.07, -0.12, -0.51, 0.1, 0.01, -0.08, -0.12, 1.88]
MEDIA 0.803497188192

DPs
[1.67, 1.27, 1.61, 2.43, 2.27, 2.19, 2.86, 1.32]

PEARSON
[[ 1.   -0.76 -0.07 -0.58 -0.64  0.69  0.16  0.04]
 [-0.76  1.   -0.26  0.5   0.11 -0.17  0.15  0.04]
 [-0.07 -0.26  1.   -0.22  0.58 -0.59 -0.55 -0.57]
 [-0.58  0.5  -0.22  1.    0.48 -0.23 -0.2   0.28]
 [-0.64  0.11  0.58  0.48  1.   -0.9  -0.54  0.01]
 [ 0.69 -0.17 -0.59 -0.23 -0.9   1.    0.62  0.05]
 [ 0.16  0.15 -0.55 -0.2  -0.54  0.62  1.    0.1 ]
 [ 0.04  0.04 -0.57  0.28  0.01  0.05  0.1   1.  ]]
MEDIA 0.4403125

Z-SCORES DE PEARSON
[1.72, -1.71, 0.03, -1.45, -1.05, 1.02, 0.13, -0.19]
[-1.24, 1.89, -0.32, 0.76, 0.16, -0.37, 0.11, -0.19]
[-0.08, -0.69, 1.99, -0.71, 0.91, -1.05, -1.28, -1.7]
[-0.94, 0.87, -0.25, 1.79, 0.75, -0.47, -0.58, 0.4]
[-1.04, 0.07, 1.22, 0.72, 1.59, -1.55, -1.26, -0.27]
[1.19, -0.5, -0.93, -0.74, -1.47, 1.52, 1.05, -0.17]
[0.3, 0.15, -0.85, -0.67, -0.89, 0.91, 1.81, -0.05]
[0.1, -0.07, -0.89, 0.31, -0.0, -0.01, 0.01, 2.18]
MEDIA 0.802061086521

AUTOVALORES [51.69, 24.23, 12.08, 5.92, 4.99, 1.09, 0.0] SOMA 1.0

SOMA DOIS PRIMEIROS 0.76

QTD AGENTES 10

NOTAS
A1 & 6.5521732483 & 2.20450175175 & 8.95644252553 & 1.92903914967 & 8.72874098742 & 4.12885593902 & 4.85721143083 & 2.08875374609 \
A2 & 2.83728638463 & 7.75656465856 & 1.91532981877 & 5.12797779542 & 6.15631100289 & 2.7648202925 & 3.44958343701 & 3.54596505724 \
A3 & 5.19468943215 & 1.63838762324 & 8.34453116774 & 2.41522827136 & 4.47471158892 & 7.4778545701 & 7.88857532168 & 4.60034671029 \
A4 & 4.36552893404 & 2.89232780218 & 1.45272815099 & 1.81340380198 & 7.77994730645 & 5.11098924795 & 2.01686536899 & 6.54236623509 \
A5 & 5.50766669321 & 8.90023173303 & 2.16353001147 & 5.27445084083 & 2.8429511038 & 1.35794032218 & 6.39428603707 & 4.82509272626 \
A6 & 3.21832389438 & 5.15459900704 & 1.37739823428 & 1.32343692476 & 7.60493437662 & 6.19781537266 & 2.76555971332 & 1.16147827434 \
A7 & 5.9206948624 & 8.86888773216 & 5.98131583874 & 3.69126227626 & 6.68047899183 & 4.62985987827 & 5.09102664963 & 7.98491604934 \
A8 & 3.59321213048 & 6.50993135068 & 1.35703572034 & 2.71934223512 & 2.1889197361 & 5.53768867371 & 7.29905174261 & 5.55784624634 \
A9 & 5.9923129036 & 3.36420908091 & 8.59683430318 & 5.75257165117 & 4.01490802202 & 8.43071040198 & 7.83054132737 & 8.64598150175 \
A10 & 4.71228047359 & 6.603434618 & 3.72420917567 & 8.17139354007 & 1.46224527173 & 2.06179430613 & 4.63718917768 & 4.33236912009 \
MEDIA 4.81277736266

Z-SCORES DAS NOTAS
[1.47, -1.23, 1.48, -0.91, 1.46, -0.3, -0.18, -1.26]
[-1.63, 0.91, -0.8, 0.63, 0.4, -0.93, -0.89, -0.61]
[0.34, -1.45, 1.28, -0.67, -0.3, 1.25, 1.34, -0.15]
[-0.35, -0.96, -0.95, -0.96, 1.07, 0.16, -1.61, 0.72]
[0.6, 1.35, -0.72, 0.7, -0.97, -1.58, 0.59, -0.05]
[-1.31, -0.09, -0.98, -1.2, 1.0, 0.66, -1.24, -1.67]
[0.94, 1.34, 0.52, -0.06, 0.61, -0.06, -0.07, 1.36]
[-1.0, 0.43, -0.98, -0.53, -1.24, 0.35, 1.04, 0.28]
[1.0, -0.78, 1.36, 0.93, -0.49, 1.69, 1.31, 1.65]
[-0.06, 0.47, -0.21, 2.08, -1.54, -1.25, -0.29, -0.26]
MEDIA 0.869244492107

MATRIZ DE COVARIANCIA
[1.44, -0.77, 2.94, 0.25, 0.16, 0.26, 1.05, 0.99]
[-0.77, 6.74, -4.22, 2.48, -2.19, -3.64, -0.45, 0.66]
[2.94, -4.22, 9.51, 0.11, 1.03, 2.97, 3.23, 1.5]
[0.25, 2.48, 0.11, 4.35, -3.44, -2.0, 0.91, 1.35]
[0.16, -2.19, 1.03, -3.44, 5.85, 0.95, -2.92, -1.53]
[0.26, -3.64, 2.97, -2.0, 0.95, 4.69, 1.52, 1.45]
[1.05, -0.45, 3.23, 0.91, -2.92, 1.52, 3.95, 1.75]
[0.99, 0.66, 1.5, 1.35, -1.53, 1.45, 1.75, 5.08]
MEDIA 2.11054295031

Z-SCORES DA MATRIZ DE COV.
[0.63, -0.18, 0.22, -0.11, 0.15, -0.21, -0.04, -0.24]
[-1.51, 2.08, -1.77, 0.87, -0.69, -1.79, -0.79, -0.44]
[2.08, -1.22, 2.06, -0.17, 0.46, 0.89, 1.05, 0.05]
[-0.52, 0.8, -0.56, 1.69, -1.13, -1.12, -0.11, -0.03]
[-0.61, -0.61, -0.31, -1.73, 2.17, 0.07, -2.03, -1.73]
[-0.51, -1.04, 0.23, -1.1, 0.43, 1.59, 0.19, 0.03]
[0.25, -0.08, 0.31, 0.18, -0.95, 0.3, 1.41, 0.2]
[0.2, 0.25, -0.18, 0.37, -0.45, 0.27, 0.31, 2.17]
MEDIA 0.748923187602

DPs
[1.2, 2.6, 3.08, 2.09, 2.42, 2.17, 1.99, 2.25]

PEARSON
[[ 1.   -0.25  0.79  0.1   0.06  0.1   0.44  0.37]
 [-0.25  1.   -0.53  0.46 -0.35 -0.65 -0.09  0.11]
 [ 0.79 -0.53  1.    0.02  0.14  0.44  0.53  0.22]
 [ 0.1   0.46  0.02  1.   -0.68 -0.44  0.22  0.29]
 [ 0.06 -0.35  0.14 -0.68  1.    0.18 -0.61 -0.28]
 [ 0.1  -0.65  0.44 -0.44  0.18  1.    0.35  0.3 ]
 [ 0.44 -0.09  0.53  0.22 -0.61  0.35  1.    0.39]
 [ 0.37  0.11  0.22  0.29 -0.28  0.3   0.39  1.  ]]
MEDIA 0.4184375

Z-SCORES DE PEARSON
[1.75, -0.41, 1.04, -0.04, 0.25, -0.12, 0.37, 0.21]
[-1.49, 2.02, -1.92, 0.7, -0.56, -1.68, -0.84, -0.57]
[1.2, -0.96, 1.51, -0.21, 0.41, 0.58, 0.57, -0.24]
[-0.59, 0.97, -0.69, 1.81, -1.21, -1.24, -0.13, -0.03]
[-0.69, -0.61, -0.42, -1.65, 2.11, 0.04, -2.02, -1.75]
[-0.59, -1.19, 0.25, -1.15, 0.49, 1.74, 0.16, 0.0]
[0.3, -0.1, 0.46, 0.2, -1.07, 0.39, 1.64, 0.27]
[0.11, 0.29, -0.24, 0.35, -0.42, 0.29, 0.25, 2.11]
MEDIA 0.775781937546

AUTOVALORES [40.62, 29.62, 11.68, 9.64, 5.19, 2.57, 0.45, 0.23] SOMA 1.0

SOMA DOIS PRIMEIROS 0.7

QTD AGENTES 15

NOTAS
A1 & 3.674669465 & 7.84353441457 & 3.69866161265 & 8.21220467232 & 4.58100293118 & 4.1765501744 & 1.22317618787 & 7.33621560094 \
A2 & 3.74964112249 & 6.71138560673 & 5.57678211879 & 3.61951521541 & 1.14472059162 & 4.00662655371 & 8.89930663693 & 2.85143542964 \
A3 & 6.07112851118 & 8.39522061104 & 5.84944462339 & 6.18341468713 & 5.92794326775 & 4.59190536622 & 5.52039287091 & 6.82647177582 \
A4 & 7.58861793927 & 3.07480770203 & 8.03635218255 & 8.43271031898 & 4.97791537846 & 8.33752745499 & 4.8618935306 & 4.03197976824 \
A5 & 1.33056147425 & 1.30015772743 & 5.54967691314 & 5.14429578073 & 6.37634014754 & 6.40369995803 & 1.95135215927 & 7.95212369383 \
A6 & 4.24739915272 & 6.76914903403 & 3.88599432405 & 5.89410524529 & 1.47728310428 & 1.75638926986 & 3.50437285922 & 1.45214709351 \
A7 & 4.02586122227 & 4.8872466834 & 3.29337502573 & 7.91750843434 & 1.43623760916 & 2.17136399515 & 4.50177220252 & 1.51287950349 \
A8 & 3.04075224984 & 6.47780613616 & 7.32752061644 & 2.63267668941 & 7.43983722028 & 7.76003724758 & 3.60338770208 & 8.6140572647 \
A9 & 3.98900854095 & 8.24538408658 & 7.07236397396 & 7.47821064315 & 4.79158553011 & 2.51128967102 & 4.72699291076 & 3.80366384758 \
A10 & 1.52536115161 & 3.60444295189 & 1.72821360936 & 1.73235743645 & 1.39917595231 & 5.16380790386 & 6.1385585867 & 4.29444608503 \
A11 & 8.23939495273 & 1.60630295349 & 8.16861257033 & 7.13162303209 & 2.66923469494 & 7.85555423889 & 7.94309737458 & 7.21322020046 \
A12 & 1.39875369526 & 4.03158533462 & 4.0948261493 & 1.46901281075 & 1.59996777657 & 4.6944893 & 5.83744133636 & 2.11825710866 \
A13 & 5.60086278863 & 7.1702906184 & 5.43520490157 & 6.37400660795 & 5.80189328956 & 1.11443935175 & 5.83502709007 & 8.85191218814 \
A14 & 1.16878320541 & 1.0218366044 & 2.78208600516 & 1.7599010959 & 5.82084989964 & 4.50880288947 & 1.59010359806 & 3.05114785819 \
A15 & 5.6344504277 & 8.5367045379 & 7.55304602863 & 5.94566558624 & 4.36216945306 & 4.00453203279 & 4.35739491324 & 7.64974422458 \
MEDIA 4.81548011391

Z-SCORES DAS NOTAS
[-0.19, 0.97, -0.84, 1.21, 0.28, -0.2, -1.66, 0.83]
[-0.16, 0.54, 0.12, -0.71, -1.36, -0.28, 2.01, -0.89]
[0.92, 1.18, 0.26, 0.36, 0.93, -0.01, 0.39, 0.64]
[1.63, -0.86, 1.38, 1.3, 0.48, 1.73, 0.08, -0.44]
[-1.28, -1.54, 0.11, -0.08, 1.15, 0.84, -1.31, 1.07]
[0.08, 0.56, -0.74, 0.24, -1.2, -1.32, -0.57, -1.43]
[-0.03, -0.16, -1.04, 1.08, -1.22, -1.13, -0.09, -1.41]
[-0.49, 0.45, 1.02, -1.13, 1.66, 1.47, -0.52, 1.33]
[-0.04, 1.13, 0.89, 0.9, 0.39, -0.97, 0.01, -0.53]
[-1.19, -0.66, -1.84, -1.5, -1.24, 0.26, 0.69, -0.34]
[1.93, -1.42, 1.44, 0.75, -0.63, 1.51, 1.55, 0.79]
[-1.25, -0.49, -0.63, -1.61, -1.15, 0.04, 0.54, -1.18]
[0.7, 0.71, 0.05, 0.44, 0.87, -1.62, 0.54, 1.42]
[-1.36, -1.65, -1.3, -1.49, 0.88, -0.04, -1.49, -0.82]
[0.72, 1.24, 1.13, 0.26, 0.18, -0.28, -0.16, 0.95]
MEDIA 0.853037483709

MATRIZ DE COVARIANCIA
[4.63, 1.29, 2.9, 3.67, 0.2, 0.73, 1.85, 1.48]
[1.29, 6.79, 0.84, 1.86, 0.31, -2.95, 0.39, 1.11]
[2.9, 0.84, 3.84, 1.96, 1.64, 1.89, 1.12, 2.37]
[3.67, 1.86, 1.96, 5.72, 0.47, -0.67, -0.35, 1.02]
[0.2, 0.31, 1.64, 0.47, 4.35, 1.29, -2.24, 3.78]
[0.73, -2.95, 1.89, -0.67, 1.29, 4.63, 0.2, 1.74]
[1.85, 0.39, 1.12, -0.35, -2.24, 0.2, 4.37, -0.7]
[1.48, 1.11, 2.37, 1.02, 3.78, 1.74, -0.7, 6.75]
MEDIA 1.92374265055

Z-SCORES DA MATRIZ DE COV.
[1.79, 0.03, 0.91, 0.98, -0.52, -0.06, 0.69, -0.34]
[-0.57, 2.22, -1.36, 0.07, -0.47, -1.86, -0.1, -0.52]
[0.57, -0.14, 1.96, 0.12, 0.21, 0.51, 0.3, 0.09]
[1.11, 0.26, -0.13, 2.01, -0.39, -0.75, -0.51, -0.56]
[-1.33, -0.36, -0.48, -0.62, 1.59, 0.21, -1.54, 0.76]
[-0.96, -1.65, -0.2, -1.19, 0.03, 1.84, -0.21, -0.22]
[-0.17, -0.32, -1.05, -1.03, -1.76, -0.32, 2.07, -1.39]
[-0.43, -0.04, 0.34, -0.34, 1.3, 0.43, -0.7, 2.18]
MEDIA 0.768108146344

DPs
[2.15, 2.6, 1.96, 2.39, 2.08, 2.15, 2.09, 2.6]

PEARSON
[[ 1.    0.23  0.69  0.71  0.05  0.16  0.41  0.26]
 [ 0.23  1.    0.16  0.3   0.06 -0.53  0.07  0.16]
 [ 0.69  0.16  1.    0.42  0.4   0.45  0.27  0.47]
 [ 0.71  0.3   0.42  1.    0.09 -0.13 -0.07  0.16]
 [ 0.05  0.06  0.4   0.09  1.    0.29 -0.51  0.7 ]
 [ 0.16 -0.53  0.45 -0.13  0.29  1.    0.04  0.31]
 [ 0.41  0.07  0.27 -0.07 -0.51  0.04  1.   -0.13]
 [ 0.26  0.16  0.47  0.16  0.7   0.31 -0.13  1.  ]]
MEDIA 0.3821875

Z-SCORES DE PEARSON
[1.82, 0.12, 0.85, 1.1, -0.49, -0.09, 0.66, -0.32]
[-0.68, 2.1, -1.33, -0.03, -0.47, -1.75, -0.16, -0.63]
[0.82, -0.05, 2.13, 0.3, 0.33, 0.6, 0.32, 0.31]
[0.88, 0.3, -0.26, 1.9, -0.4, -0.79, -0.49, -0.63]
[-1.26, -0.31, -0.34, -0.61, 1.73, 0.22, -1.55, 1.01]
[-0.91, -1.82, -0.13, -1.21, 0.07, 1.92, -0.23, -0.17]
[-0.09, -0.28, -0.87, -1.05, -1.8, -0.38, 2.08, -1.51]
[-0.58, -0.05, -0.05, -0.41, 1.03, 0.27, -0.64, 1.92]
MEDIA 0.775315350036

AUTOVALORES [34.32, 25.05, 19.15, 11.55, 4.8, 2.79, 1.46, 0.89] SOMA 1.0

SOMA DOIS PRIMEIROS 0.59

QTD AGENTES 20

NOTAS
A1 & 3.19994119704 & 7.78706361347 & 8.10009871607 & 3.10297397795 & 1.53078113528 & 6.83309816594 & 1.89443272151 & 5.76064907037 \
A2 & 5.5958594777 & 3.08476325082 & 5.71743582333 & 5.49994733805 & 1.36445987934 & 6.42994603009 & 1.66892135429 & 8.99510799001 \
A3 & 8.8464051934 & 4.32779622317 & 1.31210020012 & 4.88836488637 & 1.77261676003 & 6.32205436471 & 2.54747106517 & 1.3704530048 \
A4 & 6.55754045964 & 3.18696760523 & 2.7515100356 & 2.27726067813 & 1.47385106614 & 5.49598415174 & 6.71819845859 & 6.58004210341 \
A5 & 7.45782653717 & 2.34301595503 & 8.16569858933 & 4.94925666059 & 6.85457181945 & 5.11955805695 & 8.78918131716 & 5.23578737787 \
A6 & 4.48133720561 & 7.80274349976 & 7.71121224155 & 1.51823452509 & 2.55928162575 & 6.5207277048 & 1.34533975471 & 8.45039203879 \
A7 & 3.19997725377 & 2.40084737809 & 8.13014397028 & 7.90522215162 & 2.7253267207 & 2.83150889308 & 2.96038529525 & 5.41706619061 \
A8 & 5.62265244933 & 3.02972773694 & 3.4893463087 & 7.33664646455 & 7.6848292093 & 1.61197187372 & 5.39301285624 & 6.57602735102 \
A9 & 5.8253595462 & 2.92251051654 & 3.37074298438 & 5.33916793026 & 5.60190319627 & 4.61666209929 & 8.35725747106 & 6.85972896656 \
A10 & 3.4410089398 & 6.27215507001 & 7.84538621313 & 3.03952196893 & 4.22625973471 & 8.88092963463 & 1.43604021852 & 1.2937693861 \
A11 & 7.7773071599 & 6.15323352068 & 2.75079880918 & 6.01964973324 & 3.56802777372 & 7.36954647599 & 3.83886757336 & 3.79064666515 \
A12 & 6.26258249014 & 6.36797706666 & 5.1769356567 & 4.00386144156 & 7.02656032025 & 6.38899026727 & 1.23793614917 & 8.56891120609 \
A13 & 4.79844421735 & 2.85728826236 & 8.83685177219 & 2.15047189339 & 6.16881825978 & 4.37279515407 & 2.64649477212 & 4.74533579192 \
A14 & 8.37623456998 & 5.73617465461 & 1.66778455778 & 8.14334102033 & 4.78319392136 & 6.00109246036 & 8.11613626393 & 2.52582422253 \
A15 & 8.38467833637 & 3.09847773048 & 3.56246584592 & 3.20459099195 & 2.14399195631 & 5.05862741932 & 4.4262829829 & 7.25460915994 \
A16 & 7.8746465331 & 3.3894253512 & 1.21922130342 & 1.3778357202 & 6.0608494676 & 1.63439090838 & 1.13970546033 & 3.60799671131 \
A17 & 7.89230315676 & 6.29727469286 & 5.66460671177 & 6.54826720871 & 3.99078839661 & 6.95659071434 & 4.01986493227 & 8.90276844486 \
A18 & 5.34055836161 & 2.00175282825 & 1.03763323586 & 8.22781103261 & 2.42525520139 & 1.68421558754 & 5.09436239674 & 3.60329058011 \
A19 & 6.5651187524 & 6.47086223502 & 4.13100381133 & 7.36087345802 & 7.2224950437 & 5.59008025378 & 7.17110764526 & 6.77704906118 \
A20 & 5.57595460519 & 5.87959064986 & 7.82623008449 & 1.77944424339 & 4.94067915089 & 1.50492809632 & 3.9419720453 & 1.35383714682 \
MEDIA 4.89616147896

Z-SCORES DAS NOTAS
[-1.72, 1.71, 1.2, -0.71, -1.28, 0.84, -0.9, 0.15]
[-0.32, -0.79, 0.3, 0.33, -1.36, 0.65, -0.99, 1.46]
[1.57, -0.13, -1.36, 0.07, -1.16, 0.6, -0.64, -1.62]
[0.24, -0.73, -0.82, -1.07, -1.3, 0.21, 1.04, 0.48]
[0.76, -1.18, 1.22, 0.09, 1.26, 0.03, 1.87, -0.06]
[-0.97, 1.71, 1.05, -1.4, -0.79, 0.69, -1.12, 1.24]
[-1.72, -1.15, 1.21, 1.38, -0.71, -1.06, -0.47, 0.01]
[-0.31, -0.82, -0.54, 1.14, 1.66, -1.64, 0.51, 0.48]
[-0.19, -0.87, -0.58, 0.26, 0.67, -0.21, 1.7, 0.6]
[-1.58, 0.9, 1.1, -0.74, 0.01, 1.81, -1.09, -1.66]
[0.95, 0.84, -0.82, 0.56, -0.3, 1.1, -0.12, -0.64]
[0.06, 0.95, 0.1, -0.32, 1.35, 0.63, -1.17, 1.29]
[-0.79, -0.91, 1.47, -1.13, 0.94, -0.33, -0.6, -0.26]
[1.29, 0.62, -1.23, 1.49, 0.28, 0.45, 1.6, -1.16]
[1.3, -0.78, -0.51, -0.67, -0.98, -0.0, 0.12, 0.76]
[1.0, -0.63, -1.39, -1.46, 0.89, -1.63, -1.21, -0.72]
[1.01, 0.92, 0.28, 0.79, -0.1, 0.9, -0.05, 1.42]
[-0.47, -1.36, -1.46, 1.53, -0.85, -1.6, 0.39, -0.72]
[0.24, 1.01, -0.3, 1.15, 1.44, 0.25, 1.22, 0.56]
[-0.34, 0.69, 1.09, -1.29, 0.35, -1.69, -0.08, -1.63]
MEDIA 0.868455342435

MATRIZ DE COVARIANCIA
[2.95, -0.38, -3.0, 0.51, 0.42, 0.14, 1.51, -0.25]
[-0.38, 3.56, 1.2, -0.9, -0.13, 2.27, -1.48, 0.12]
[-3.0, 1.2, 7.05, -2.0, 0.32, 1.06, -1.83, 1.0]
[0.51, -0.9, -2.0, 5.25, 0.48, -0.41, 2.61, 0.3]
[0.42, -0.13, 0.32, 0.48, 4.38, -1.23, 1.56, -0.03]
[0.14, 2.27, 1.06, -0.41, -1.23, 4.43, -0.83, 0.86]
[1.51, -1.48, -1.83, 2.61, 1.56, -0.83, 6.18, -0.06]
[-0.25, 0.12, 1.0, 0.3, -0.03, 0.86, -0.06, 6.11]
MEDIA 1.46422997335

Z-SCORES DA MATRIZ DE COV.
[1.71, -0.57, -1.19, -0.11, -0.19, -0.37, 0.22, -0.64]
[-0.39, 1.91, 0.25, -0.77, -0.54, 0.85, -0.99, -0.45]
[-2.04, 0.42, 2.26, -1.29, -0.26, 0.16, -1.13, -0.0]
[0.17, -0.9, -0.85, 2.14, -0.15, -0.69, 0.67, -0.36]
[0.12, -0.42, -0.05, -0.12, 2.34, -1.16, 0.25, -0.52]
[-0.06, 1.09, 0.2, -0.54, -1.25, 2.1, -0.73, -0.07]
[0.8, -1.27, -0.79, 0.89, 0.54, -0.93, 2.12, -0.54]
[-0.31, -0.26, 0.18, -0.2, -0.48, 0.04, -0.41, 2.59]
MEDIA 0.750337902695

DPs
[1.72, 1.89, 2.66, 2.29, 2.09, 2.11, 2.49, 2.47]

PEARSON
[[ 1.   -0.12 -0.66  0.13  0.12  0.04  0.35 -0.06]
 [-0.12  1.    0.24 -0.21 -0.03  0.57 -0.32  0.03]
 [-0.66  0.24  1.   -0.33  0.06  0.19 -0.28  0.15]
 [ 0.13 -0.21 -0.33  1.    0.1  -0.08  0.46  0.05]
 [ 0.12 -0.03  0.06  0.1   1.   -0.28  0.3  -0.01]
 [ 0.04  0.57  0.19 -0.08 -0.28  1.   -0.16  0.17]
 [ 0.35 -0.32 -0.28  0.46  0.3  -0.16  1.   -0.01]
 [-0.06  0.03  0.15  0.05 -0.01  0.17 -0.01  1.  ]]
MEDIA 0.2971875

Z-SCORES DE PEARSON
[2.06, -0.64, -1.52, -0.03, -0.11, -0.36, 0.44, -0.69]
[-0.5, 2.06, 0.42, -0.89, -0.53, 0.99, -1.16, -0.42]
[-1.74, 0.23, 2.05, -1.19, -0.28, 0.02, -1.07, -0.05]
[0.07, -0.86, -0.81, 2.18, -0.16, -0.66, 0.7, -0.35]
[0.05, -0.42, 0.03, -0.1, 2.38, -1.17, 0.32, -0.54]
[-0.14, 1.02, 0.31, -0.56, -1.24, 2.08, -0.78, 0.02]
[0.57, -1.12, -0.7, 0.81, 0.4, -0.87, 1.99, -0.54]
[-0.37, -0.28, 0.22, -0.23, -0.47, -0.03, -0.42, 2.58]
MEDIA 0.74965257007

AUTOVALORES [32.01, 17.2, 15.98, 11.88, 9.97, 7.4, 3.45, 2.1] SOMA 1.0

SOMA DOIS PRIMEIROS 0.49

QTD AGENTES 50

NOTAS
A1 & 5.80930793458 & 3.3857980515 & 8.63992174588 & 7.19684547644 & 2.33533524419 & 7.01949248521 & 6.0169502444 & 3.26560344292 \
A2 & 6.16887540652 & 4.22905338075 & 2.52379773812 & 6.56512009904 & 3.63341416891 & 5.17358812607 & 8.95774506639 & 5.69472512618 \
A3 & 3.95221174055 & 3.76147688432 & 4.46089582985 & 8.81951398639 & 8.86739109711 & 8.25439416623 & 5.81181162125 & 2.6465117487 \
A4 & 5.19260331706 & 3.04700379113 & 2.29093437761 & 6.92605810626 & 7.21597044115 & 4.15562831878 & 5.01977300045 & 8.71521634505 \
A5 & 5.87939237927 & 4.13870373459 & 2.57417051732 & 3.55224804414 & 6.39027383895 & 1.301895561 & 4.50823077038 & 5.84158322006 \
A6 & 1.76295562475 & 7.31394843399 & 5.5066293319 & 3.13759891701 & 2.38776678452 & 2.89442447818 & 4.69034624124 & 3.56204626125 \
A7 & 7.77050695369 & 1.01690126125 & 4.24064109252 & 5.83595680602 & 3.75527289814 & 7.77985569842 & 8.7676465356 & 3.73753226487 \
A8 & 8.69328499676 & 2.31574567009 & 1.82021331276 & 4.72132090313 & 6.13744436754 & 3.40842188166 & 1.53221610484 & 2.68777360825 \
A9 & 3.98807926003 & 4.58255420787 & 3.9034903296 & 4.50030964457 & 7.65319662801 & 7.2384909189 & 5.16165638942 & 1.81164310505 \
A10 & 1.44476085851 & 7.11960855735 & 5.01186779228 & 8.84416567892 & 8.8241754781 & 1.95677308522 & 8.5480049977 & 3.75819726715 \
A11 & 3.58290768178 & 8.94159682456 & 5.41835248972 & 6.06856079614 & 5.23229831492 & 2.4650266732 & 6.96654852156 & 3.4481304572 \
A12 & 7.78178891677 & 3.88029504995 & 5.9376971636 & 2.35480853256 & 6.27213716974 & 5.80408946293 & 7.36651635147 & 6.90397575969 \
A13 & 3.39788730459 & 7.68685147216 & 2.27575043721 & 5.58526614737 & 7.15621564663 & 7.4205883011 & 4.85848662811 & 1.57925965124 \
A14 & 6.50539947681 & 2.67400290775 & 4.87449534221 & 5.24821260449 & 3.49265383801 & 3.22977329021 & 1.58383119031 & 2.20843874895 \
A15 & 3.46005203148 & 3.1612420411 & 8.08932285936 & 5.11280708601 & 4.69670559196 & 3.67738212674 & 5.03364559261 & 6.44574555955 \
A16 & 3.93281126682 & 5.78684358341 & 4.45734886504 & 5.19665385439 & 3.8977348276 & 5.18286354925 & 4.66333559638 & 8.96540028536 \
A17 & 1.49498261124 & 4.64569164719 & 8.66060237319 & 2.40681996208 & 4.49125399193 & 1.43005411424 & 5.19048802043 & 2.17994594153 \
A18 & 2.02154144603 & 1.88095793823 & 2.43651487513 & 7.74568514119 & 5.1326424303 & 1.57192785246 & 7.84771102202 & 4.04763093928 \
A19 & 8.96907130494 & 6.53180859957 & 8.33262915399 & 5.30979752829 & 1.06722190252 & 4.87297735627 & 3.80491601634 & 4.96596132531 \
A20 & 1.76562857769 & 2.02203878592 & 6.73228973953 & 8.15178551256 & 1.4108753567 & 8.2811558786 & 5.98937544566 & 2.61320099188 \
A21 & 3.48194428303 & 8.88217148478 & 6.87811588206 & 3.66766655778 & 3.7856473326 & 4.47348169883 & 6.4035805494 & 1.14143368889 \
A22 & 7.10636682248 & 1.70957022402 & 5.71279117352 & 3.04645571814 & 7.41571966667 & 5.13704396261 & 5.61415042622 & 8.31781203112 \
A23 & 8.18811841566 & 6.12758856666 & 8.15849731157 & 8.33771629633 & 5.61004026614 & 4.20857818918 & 6.53629347716 & 5.72233792577 \
A24 & 3.09171534921 & 7.28854156747 & 7.57872200179 & 3.3474306282 & 6.06460327174 & 6.2216848542 & 3.55590854054 & 2.3461117301 \
A25 & 1.17124989171 & 7.04713168837 & 8.34029757915 & 8.22568609806 & 4.08023863958 & 8.03902245328 & 8.99466656938 & 2.21464263648 \
A26 & 2.52210383872 & 1.97709019626 & 1.30432479 & 1.44921095176 & 8.82950840727 & 4.35647863731 & 8.42591343633 & 2.81574645357 \
A27 & 1.1914724848 & 5.39394064751 & 2.30457682574 & 3.62952506944 & 6.82885510678 & 8.015440263 & 3.02712356065 & 5.47685030882 \
A28 & 1.31703415292 & 3.89471668831 & 8.84341352955 & 7.70903000731 & 3.55620219191 & 6.77874640142 & 7.19970037627 & 2.50042576107 \
A29 & 8.44876629307 & 3.09307649697 & 8.34789863928 & 8.82209533141 & 8.43194726086 & 5.53566896143 & 7.1200660718 & 8.60230450816 \
A30 & 1.03825448881 & 4.3472176562 & 8.73166545726 & 8.93539383506 & 7.08420177316 & 8.13445538678 & 6.40899850888 & 2.18614544406 \
A31 & 7.31790731576 & 3.33404162094 & 6.32651640669 & 8.48496587993 & 2.06696422111 & 4.39450675629 & 4.80718438241 & 1.57123217156 \
A32 & 5.2270890121 & 2.92079339169 & 8.97023469388 & 3.84152773927 & 3.41558987199 & 5.06294637816 & 1.59668663882 & 2.77481026223 \
A33 & 8.63644821386 & 1.74429029805 & 6.42979275317 & 5.3705925981 & 7.24843010779 & 1.45606845172 & 6.58434305362 & 8.05683759444 \
A34 & 8.88138491847 & 4.55003827387 & 8.37168046881 & 3.5081806388 & 1.5288172249 & 8.81211310118 & 5.14762456252 & 8.16909042737 \
A35 & 8.56295523441 & 1.35642740564 & 4.62881709333 & 1.93307645299 & 7.04172115372 & 1.89153335958 & 5.26251698673 & 2.20642444214 \
A36 & 5.30422493857 & 7.53117314343 & 4.07933313443 & 1.12429227002 & 2.82030750918 & 6.72397306761 & 7.94131043285 & 1.90271154818 \
A37 & 7.79344152306 & 3.25592592835 & 3.30019783608 & 4.62229253043 & 3.12549936096 & 7.67600087563 & 2.74933845995 & 6.87763243493 \
A38 & 7.29779658775 & 8.84785693903 & 1.5940224298 & 6.06058893794 & 7.72235440227 & 5.95790000667 & 8.6136457537 & 1.06444210928 \
A39 & 8.61356902698 & 6.96306896232 & 1.56970579729 & 3.05506646634 & 3.24679853756 & 3.91010635262 & 5.79312920129 & 3.34711103502 \
A40 & 1.58395813207 & 7.87632388781 & 5.46345320624 & 8.18019604164 & 6.23897093658 & 5.7067849594 & 4.09488122576 & 7.03670798139 \
A41 & 1.77025709893 & 8.88274896098 & 1.20096325788 & 4.7706317202 & 3.46584206042 & 7.50194749502 & 7.09279698728 & 2.45085090861 \
A42 & 7.49161438244 & 7.59644774542 & 3.19153389086 & 5.92708286216 & 6.74246372728 & 1.43743314382 & 7.16527680493 & 1.57902202899 \
A43 & 2.35046816451 & 4.09451755801 & 3.0180748998 & 7.33485614953 & 2.58412843154 & 7.13404300129 & 3.89432104954 & 6.3155463092 \
A44 & 4.38644968032 & 3.83672250671 & 3.23902910576 & 4.98879882231 & 1.27949654342 & 7.56927402715 & 3.52100186486 & 1.81847155107 \
A45 & 6.87008559887 & 4.96617338261 & 2.96953219658 & 8.6258150809 & 1.75428578889 & 3.64758827462 & 1.98282453539 & 2.93385492217 \
A46 & 2.81456545664 & 7.06961433516 & 3.25909218279 & 7.34138817366 & 8.13510322175 & 3.35500409708 & 6.69673725579 & 8.12492804455 \
A47 & 3.75772694859 & 7.69702840476 & 1.53089285673 & 4.0553737332 & 5.12805482503 & 8.10553478591 & 7.83180548742 & 5.31063754713 \
A48 & 8.05852005185 & 1.00258818727 & 3.12389392399 & 6.4200801531 & 4.06296773085 & 4.87875936174 & 5.3718894963 & 6.07484878409 \
A49 & 3.84041195992 & 1.94568930219 & 7.44178453283 & 8.21838793799 & 3.61426478203 & 7.5394856822 & 5.13630167012 & 3.7535374915 \
A50 & 2.80802893089 & 6.74025603087 & 4.96314128657 & 6.71593669215 & 3.63014669135 & 6.40799757491 & 6.07641899716 & 5.90032474274 \
MEDIA 5.05273972961

Z-SCORES DAS NOTAS
[0.35, -0.6, 1.49, 0.72, -1.16, 0.79, 0.18, -0.43]
[0.49, -0.24, -1.0, 0.43, -0.58, -0.04, 1.68, 0.6]
[-0.36, -0.44, -0.21, 1.46, 1.76, 1.35, 0.08, -0.69]
[0.12, -0.74, -1.09, 0.6, 1.02, -0.5, -0.33, 1.89]
[0.38, -0.28, -0.98, -0.95, 0.65, -1.79, -0.59, 0.67]
[-1.19, 1.07, 0.21, -1.14, -1.14, -1.07, -0.49, -0.3]
[1.1, -1.61, -0.3, 0.1, -0.53, 1.14, 1.58, -0.23]
[1.45, -1.06, -1.29, -0.41, 0.54, -0.84, -2.1, -0.67]
[-0.34, -0.09, -0.44, -0.51, 1.22, 0.89, -0.25, -1.05]
[-1.31, 0.98, 0.01, 1.47, 1.74, -1.49, 1.47, -0.22]
[-0.5, 1.76, 0.18, 0.2, 0.13, -1.27, 0.67, -0.35]
[1.1, -0.39, 0.39, -1.49, 0.6, 0.24, 0.87, 1.12]
[-0.57, 1.22, -1.1, -0.02, 1.0, 0.97, -0.41, -1.15]
[0.62, -0.9, -0.04, -0.17, -0.64, -0.92, -2.08, -0.88]
[-0.54, -0.7, 1.26, -0.23, -0.11, -0.72, -0.32, 0.92]
[-0.36, 0.42, -0.21, -0.19, -0.46, -0.04, -0.51, 2.0]
[-1.29, -0.07, 1.5, -1.47, -0.2, -1.73, -0.24, -0.89]
[-1.09, -1.24, -1.04, 0.97, 0.09, -1.67, 1.12, -0.1]
[1.55, 0.73, 1.36, -0.14, -1.73, -0.18, -0.94, 0.29]
[-1.19, -1.18, 0.71, 1.16, -1.58, 1.36, 0.17, -0.71]
[-0.54, 1.73, 0.77, -0.89, -0.51, -0.36, 0.38, -1.33]
[0.84, -1.31, 0.3, -1.18, 1.11, -0.06, -0.02, 1.72]
[1.26, 0.56, 1.29, 1.24, 0.3, -0.48, 0.45, 0.62]
[-0.68, 1.06, 1.06, -1.04, 0.51, 0.43, -1.07, -0.82]
[-1.42, 0.95, 1.37, 1.19, -0.38, 1.25, 1.7, -0.88]
[-0.9, -1.2, -1.5, -1.91, 1.75, -0.41, 1.41, -0.62]
[-1.41, 0.25, -1.09, -0.91, 0.85, 1.24, -1.34, 0.51]
[-1.36, -0.39, 1.57, 0.96, -0.62, 0.68, 0.78, -0.75]
[1.35, -0.73, 1.37, 1.46, 1.57, 0.12, 0.74, 1.84]
[-1.47, -0.19, 1.53, 1.52, 0.96, 1.3, 0.38, -0.89]
[0.92, -0.62, 0.55, 1.31, -1.28, -0.39, -0.43, -1.15]
[0.13, -0.8, 1.62, -0.81, -0.68, -0.09, -2.07, -0.64]
[1.43, -1.3, 0.59, -0.11, 1.04, -1.72, 0.47, 1.61]
[1.52, -0.11, 1.38, -0.97, -1.52, 1.6, -0.26, 1.66]
[1.4, -1.46, -0.14, -1.69, 0.95, -1.52, -0.2, -0.88]
[0.16, 1.16, -0.37, -2.06, -0.95, 0.66, 1.16, -1.01]
[1.11, -0.66, -0.68, -0.46, -0.81, 1.09, -1.48, 1.11]
[0.92, 1.72, -1.38, 0.2, 1.25, 0.31, 1.51, -1.37]
[1.42, 0.92, -1.39, -1.17, -0.75, -0.61, 0.07, -0.39]
[-1.26, 1.3, 0.2, 1.17, 0.59, 0.2, -0.8, 1.18]
[-1.19, 1.73, -1.54, -0.39, -0.66, 1.01, 0.73, -0.78]
[0.99, 1.19, -0.73, 0.14, 0.81, -1.73, 0.77, -1.15]
[-0.97, -0.3, -0.8, 0.78, -1.05, 0.85, -0.9, 0.87]
[-0.19, -0.41, -0.71, -0.29, -1.64, 1.04, -1.09, -1.04]
[0.75, 0.07, -0.82, 1.37, -1.42, -0.73, -1.87, -0.57]
[-0.79, 0.96, -0.7, 0.79, 1.44, -0.86, 0.53, 1.64]
[-0.43, 1.23, -1.4, -0.72, 0.09, 1.28, 1.11, 0.44]
[1.21, -1.61, -0.76, 0.37, -0.39, -0.17, -0.15, 0.77]
[-0.4, -1.21, 1.0, 1.19, -0.59, 1.03, -0.27, -0.22]
[-0.79, 0.82, -0.01, 0.5, -0.58, 0.52, 0.21, 0.69]
MEDIA 0.865690044444

MATRIZ DE COVARIANCIA
[6.9, -1.89, -0.3, -0.99, -0.46, -1.12, -0.74, 1.33]
[-1.89, 5.55, -0.64, -0.22, 0.05, 0.2, 0.91, -1.15]
[-0.3, -0.64, 6.04, 1.04, -1.18, 0.46, -0.2, 0.13]
[-0.99, -0.22, 1.04, 4.78, 0.09, 0.67, 0.53, 0.31]
[-0.46, 0.05, -1.18, 0.09, 4.98, -1.16, 1.24, 0.7]
[-1.12, 0.2, 0.46, 0.67, -1.16, 4.89, 0.17, -0.23]
[-0.74, 0.91, -0.2, 0.53, 1.24, 0.17, 3.85, -0.15]
[1.33, -1.15, 0.13, 0.31, 0.7, -0.23, -0.15, 5.52]
MEDIA 1.23528473069

Z-SCORES DA MATRIZ DE COV.
[2.5, -1.06, -0.46, -1.09, -0.54, -0.9, -1.08, 0.28]
[-0.85, 2.45, -0.62, -0.62, -0.26, -0.16, 0.16, -1.03]
[-0.24, -0.47, 2.53, 0.17, -0.92, -0.01, -0.68, -0.36]
[-0.51, -0.27, 0.18, 2.47, -0.24, 0.1, -0.13, -0.26]
[-0.31, -0.14, -0.87, -0.42, 2.4, -0.92, 0.4, -0.06]
[-0.56, -0.07, -0.1, -0.07, -0.91, 2.47, -0.4, -0.55]
[-0.41, 0.26, -0.41, -0.16, 0.38, -0.18, 2.37, -0.5]
[0.38, -0.71, -0.25, -0.29, 0.09, -0.4, -0.64, 2.47]
MEDIA 0.689106563568

DPs
[2.63, 2.36, 2.46, 2.19, 2.23, 2.21, 1.96, 2.35]

PEARSON
[[ 1.   -0.31 -0.05 -0.17 -0.08 -0.19 -0.14  0.22]
 [-0.31  1.   -0.11 -0.04  0.01  0.04  0.2  -0.21]
 [-0.05 -0.11  1.    0.19 -0.22  0.09 -0.04  0.02]
 [-0.17 -0.04  0.19  1.    0.02  0.14  0.12  0.06]
 [-0.08  0.01 -0.22  0.02  1.   -0.23  0.28  0.13]
 [-0.19  0.04  0.09  0.14 -0.23  1.    0.04 -0.04]
 [-0.14  0.2  -0.04  0.12  0.28  0.04  1.   -0.03]
 [ 0.22 -0.21  0.02  0.06  0.13 -0.04 -0.03  1.  ]]
MEDIA 0.231875

Z-SCORES DE PEARSON
[2.46, -1.01, -0.45, -1.01, -0.52, -0.83, -0.95, 0.22]
[-0.88, 2.44, -0.62, -0.62, -0.28, -0.18, 0.06, -1.03]
[-0.22, -0.48, 2.5, 0.08, -0.9, -0.05, -0.65, -0.36]
[-0.52, -0.3, 0.22, 2.51, -0.25, 0.09, -0.18, -0.24]
[-0.29, -0.16, -0.93, -0.44, 2.39, -0.94, 0.3, -0.04]
[-0.57, -0.09, -0.06, -0.08, -0.93, 2.49, -0.41, -0.53]
[-0.45, 0.34, -0.42, -0.14, 0.45, -0.18, 2.45, -0.5]
[0.47, -0.74, -0.25, -0.32, 0.04, -0.41, -0.62, 2.48]
MEDIA 0.687693549979

AUTOVALORES [22.71, 18.48, 14.97, 11.2, 9.77, 9.14, 8.1, 5.64] SOMA 1.0

SOMA DOIS PRIMEIROS 0.41

QTD AGENTES 100

NOTAS
A1 & 7.94585863408 & 1.5563223377 & 5.65820002739 & 6.27191954236 & 7.14397795511 & 1.89135202948 & 3.16844933892 & 7.25741792782 \
A2 & 5.85670251647 & 8.25780411239 & 8.84414904314 & 1.4120965317 & 8.34484433275 & 6.20585480637 & 8.66952509395 & 4.36102015469 \
A3 & 8.26667876692 & 7.92875362099 & 5.37798842903 & 3.1080252208 & 3.92922982153 & 3.99973493844 & 8.55176858906 & 6.4718830076 \
A4 & 2.95832829014 & 3.16716426163 & 6.89256417602 & 8.29128295054 & 1.39928292892 & 7.15719632163 & 1.917306428 & 3.46280789813 \
A5 & 8.57037753069 & 4.00546573917 & 3.67334496434 & 5.81968477069 & 1.41849253273 & 6.79930237456 & 5.42197353541 & 1.07678252254 \
A6 & 1.86099928452 & 3.78645581984 & 8.52752225356 & 5.07676515491 & 5.61152964731 & 2.95245245673 & 8.59429570407 & 5.23158319474 \
A7 & 5.74429935074 & 1.60922101906 & 5.91239316924 & 5.22812628868 & 3.96461744434 & 8.43110686185 & 4.71815740233 & 2.75625485943 \
A8 & 6.45014101865 & 3.56925217037 & 8.54818706027 & 2.49481260469 & 8.70910759712 & 2.60011227171 & 8.48984414659 & 7.92238422729 \
A9 & 5.89349477695 & 7.8455916202 & 7.81276649086 & 1.23726119355 & 5.79778423773 & 8.15238758497 & 2.52696703094 & 3.3476401508 \
A10 & 3.38556505366 & 7.88483379732 & 2.9409084378 & 3.47605810075 & 2.13958587915 & 5.31257592195 & 8.97199540364 & 7.38252246765 \
A11 & 4.70932007704 & 1.88805200834 & 2.83790804566 & 2.58187692284 & 2.4555947371 & 1.12909622515 & 2.467315617 & 6.8193276556 \
A12 & 5.33893163054 & 3.68033131623 & 6.29971316106 & 4.33100661037 & 3.34887670694 & 2.45968617783 & 4.53477930636 & 6.93292236945 \
A13 & 6.08831089895 & 4.48650273947 & 4.25885565324 & 2.17928854054 & 4.42316488041 & 7.22361477854 & 2.7732842967 & 6.87431078981 \
A14 & 8.3802324799 & 4.75478000806 & 1.77350706558 & 7.18290170331 & 3.59174134108 & 7.47227159276 & 5.36537909276 & 2.37807404435 \
A15 & 4.98532717016 & 5.63970027913 & 8.4422729384 & 3.15375864416 & 8.15601213436 & 1.37283131704 & 2.36190121709 & 8.71137153003 \
A16 & 4.40848642433 & 6.1715399754 & 3.77731464234 & 1.88744151624 & 6.86769569303 & 6.8590858918 & 3.65296620786 & 4.56230962509 \
A17 & 5.90052105483 & 8.4021575958 & 4.87468036611 & 8.23596087454 & 2.26204002333 & 1.70354726672 & 7.10846345226 & 5.72825399836 \
A18 & 6.38725557143 & 4.69746648133 & 1.86232437596 & 6.34107173351 & 5.33083425806 & 4.49589626796 & 5.63687230531 & 6.66498894066 \
A19 & 2.50552579585 & 7.70599694343 & 1.29323290437 & 2.70924475898 & 4.26102007233 & 8.68466027118 & 3.60478635886 & 5.2461890362 \
A20 & 3.62473692385 & 1.36725925073 & 6.00892058437 & 3.03642085525 & 2.31522175191 & 5.72688382239 & 8.50391537631 & 3.01011155436 \
A21 & 8.46565797098 & 4.04114145612 & 6.17813389638 & 8.41914070284 & 7.21763122538 & 7.42477094447 & 6.95435884394 & 4.58299340094 \
A22 & 6.09013569806 & 6.96078226192 & 1.74936639736 & 1.63876220285 & 1.40057402908 & 4.67091551037 & 2.60659918408 & 6.80136410471 \
A23 & 1.73754795253 & 3.3263095432 & 1.80018755234 & 4.67138078819 & 7.65513365523 & 8.02762153851 & 3.43270190883 & 6.35216652141 \
A24 & 6.22542796156 & 1.29189302658 & 1.14437594243 & 6.98996401211 & 4.68717786012 & 7.48075772942 & 4.47725757775 & 5.2557322261 \
A25 & 5.3611830509 & 7.98701700623 & 2.10938071606 & 5.69266805615 & 2.30104733857 & 5.49948609277 & 2.85238754285 & 8.34081746189 \
A26 & 2.74544267868 & 5.66958478944 & 3.02628211884 & 5.4946744469 & 8.39194748424 & 7.44162071828 & 6.90873343874 & 3.19436958596 \
A27 & 6.44646093353 & 5.56757842986 & 7.25750261415 & 8.10110216381 & 1.80550127813 & 1.78946909693 & 6.12526112312 & 5.56373700266 \
A28 & 2.09567214041 & 2.32545535086 & 7.49826284455 & 2.59729699964 & 7.01002916198 & 3.26790985083 & 4.09099207042 & 4.76819265647 \
A29 & 3.66264944069 & 4.35461122817 & 3.0073162063 & 2.07426078941 & 8.33589466071 & 5.25507825208 & 7.58675120103 & 3.83402600959 \
A30 & 6.62985921987 & 3.49744032809 & 4.09233155028 & 8.05287770005 & 6.14235586489 & 4.34617214162 & 4.59194928525 & 3.59283276387 \
A31 & 7.37507225501 & 3.12444354544 & 2.48252879226 & 4.00496459005 & 8.19352971141 & 1.63711724844 & 3.22057109987 & 2.49080660544 \
A32 & 4.05990997588 & 8.32166932721 & 1.71402534753 & 8.19742912768 & 4.12137212656 & 5.32126470109 & 4.0428608306 & 6.95766701027 \
A33 & 4.45482085414 & 5.33710126052 & 1.52710559619 & 6.85618163699 & 5.85851392739 & 2.46144022014 & 2.3738593835 & 7.86736640469 \
A34 & 6.49093828858 & 3.78286193894 & 5.30266181971 & 3.87432400326 & 3.66408519037 & 5.78999870499 & 1.69021343052 & 3.99657165482 \
A35 & 2.77636166309 & 3.27503784349 & 3.50583536087 & 4.86889043451 & 8.41469116429 & 6.48583948691 & 1.10953274301 & 5.99401966255 \
A36 & 8.54748613307 & 4.24806598546 & 3.87661345027 & 1.58206833665 & 3.43929810277 & 1.04814242399 & 6.79772947308 & 1.31664118865 \
A37 & 4.0175519113 & 6.80232193114 & 3.99415762738 & 1.93177044595 & 4.55808035946 & 8.51869964855 & 8.79460961544 & 7.32934028646 \
A38 & 2.87701459336 & 2.32525446046 & 3.96168298989 & 4.54562369679 & 5.39735489793 & 3.490163827 & 6.21516748847 & 4.60481698408 \
A39 & 2.0479126117 & 5.28070963174 & 6.14037081814 & 1.98601345381 & 5.33798950492 & 5.36076904704 & 2.65538556267 & 5.23487107243 \
A40 & 2.6450237153 & 2.67969824061 & 7.38709683097 & 2.77046356226 & 6.93688385678 & 6.44774002295 & 5.99001229698 & 2.16734782584 \
A41 & 7.80374018419 & 3.07538504562 & 5.69540031255 & 8.67057702372 & 7.81855195805 & 4.30306706726 & 8.0615241488 & 2.88241752001 \
A42 & 3.15487422217 & 3.77899863187 & 1.82240389622 & 1.39532639703 & 4.76314174318 & 6.22613855794 & 5.68935763279 & 8.31595449159 \
A43 & 6.46411000938 & 1.58507125457 & 5.53941050553 & 7.66152051353 & 8.43807961919 & 8.96951180746 & 5.51764171095 & 7.75553952628 \
A44 & 3.46881223861 & 2.28668736797 & 1.07187178768 & 3.19184835374 & 7.8805856835 & 2.31793263719 & 8.08605685893 & 7.26617439071 \
A45 & 4.55706531311 & 7.63496252962 & 7.66047988182 & 7.61313214522 & 7.46071813788 & 5.81471035683 & 6.14317593849 & 7.32295198057 \
A46 & 6.13836479321 & 6.6143759504 & 2.96783534183 & 8.140204995 & 4.51779128674 & 8.70865512272 & 7.61405630668 & 3.86754944205 \
A47 & 8.89538415458 & 3.1274783062 & 1.25586399888 & 3.13292411726 & 7.76798645633 & 3.10144849118 & 2.48692649137 & 6.0708561534 \
A48 & 7.59668948523 & 4.31143282119 & 6.18219076328 & 4.5617881255 & 4.7564411903 & 5.26028196581 & 3.63572358743 & 7.56277181713 \
A49 & 8.71771306353 & 5.80529589643 & 3.04124716078 & 4.97764418785 & 2.90950846738 & 4.83473651737 & 6.02620511473 & 5.18954797673 \
A50 & 5.17725744757 & 4.54132020116 & 8.48762949201 & 3.7474959581 & 4.5797928137 & 8.10092003356 & 5.73452003082 & 6.00999640864 \
A51 & 2.09026349802 & 8.54295558565 & 6.76009866483 & 8.96555458476 & 4.49320856975 & 3.09706496002 & 4.32946679795 & 5.14430176821 \
A52 & 4.93211006489 & 1.49537358652 & 7.81379747196 & 1.29288994509 & 8.70123578856 & 4.86364315786 & 5.28855783209 & 1.64278484876 \
A53 & 4.53462955152 & 4.71536387566 & 5.1539321008 & 3.82689194373 & 3.68708952988 & 6.25901849591 & 2.10499718201 & 5.12189991644 \
A54 & 3.46013064579 & 5.97744164133 & 1.42296484079 & 6.00089181325 & 3.43506693679 & 5.65261684452 & 6.13088965339 & 2.61206663072 \
A55 & 1.86131994425 & 5.90421493737 & 4.17080823485 & 1.1925213029 & 3.30534702932 & 2.07901241817 & 3.41504946007 & 7.15842900383 \
A56 & 6.40314116433 & 5.38313705436 & 1.36688739238 & 1.21938362268 & 7.0441993238 & 5.17198563009 & 8.59117216088 & 8.06694913785 \
A57 & 4.6933570134 & 8.96123308581 & 2.1624722859 & 8.97478084529 & 1.15340462766 & 7.03438223688 & 2.84803365523 & 1.07034719428 \
A58 & 7.89771292005 & 2.73653783506 & 5.40731984173 & 3.61902267209 & 3.99527883065 & 3.52783664907 & 8.19657515827 & 7.07088655818 \
A59 & 8.80845836142 & 3.93647630329 & 2.9826744306 & 2.9368088382 & 1.93684236356 & 5.67544616007 & 4.20703328141 & 7.3950483794 \
A60 & 6.1896602876 & 5.80212540944 & 8.02456260904 & 4.6651190908 & 4.26193740767 & 5.34797758664 & 1.23589606404 & 7.20984254048 \
A61 & 2.31801100252 & 3.04070951488 & 4.6748510215 & 4.13940129785 & 2.36912831306 & 1.61458988155 & 8.80407239515 & 2.58847285804 \
A62 & 8.27323273386 & 2.62837179016 & 3.08564342537 & 6.43268838466 & 2.04745868465 & 2.06143476814 & 7.16992425529 & 3.88056149141 \
A63 & 6.53762915701 & 7.73505436828 & 3.30237236468 & 5.51216851779 & 5.80131621241 & 7.43992326416 & 1.59800972117 & 6.18282342654 \
A64 & 7.70250950712 & 5.36884280716 & 1.34521474333 & 3.06512734196 & 3.97611863458 & 1.01487907556 & 5.40957059094 & 5.32072734806 \
A65 & 2.78321142236 & 3.11955240642 & 3.70414059153 & 8.33013742446 & 4.55362350069 & 2.30598232246 & 8.2416146601 & 6.53445506138 \
A66 & 2.95970353073 & 5.13149799683 & 8.78859302717 & 4.51247484554 & 7.90332656531 & 3.31963267592 & 1.97446580872 & 7.37219181132 \
A67 & 4.80367725414 & 1.45623810753 & 7.28162454666 & 4.81978953679 & 6.57149274536 & 6.32585769813 & 3.96978920388 & 8.62898938734 \
A68 & 4.92238911513 & 1.19102471549 & 8.60452771753 & 2.03380503314 & 5.83850665904 & 8.23959860591 & 8.21778938634 & 6.96384706156 \
A69 & 2.33713604648 & 4.54929367419 & 3.71226907966 & 5.3897906045 & 3.90517753003 & 8.97557668112 & 3.11387976131 & 1.79216434405 \
A70 & 1.6798365225 & 7.55688895525 & 3.5670625338 & 5.2432273758 & 8.39122218804 & 4.54066445623 & 1.94561958884 & 8.27231446065 \
A71 & 2.36147381056 & 8.28740881426 & 5.89716777653 & 5.11168366969 & 3.61215137002 & 8.62586084701 & 8.39603748975 & 8.1189346715 \
A72 & 6.88304597797 & 4.27428630966 & 2.97962256369 & 6.45407951728 & 2.73716734724 & 8.08784522373 & 6.31930901009 & 6.42088337629 \
A73 & 6.99509772088 & 5.52592747716 & 4.83836316042 & 5.66272376017 & 4.27433928783 & 8.05659604672 & 6.28763672366 & 1.08488532988 \
A74 & 1.88222037228 & 3.75961891283 & 8.51339235066 & 2.32548671045 & 4.83844680347 & 1.64379769567 & 1.85119550395 & 3.69411719107 \
A75 & 3.06031898205 & 8.08706977155 & 5.1454121732 & 2.37182651115 & 4.70437298996 & 7.28810461967 & 7.7235410539 & 1.68212311058 \
A76 & 8.0890478307 & 6.22069611146 & 8.3164349531 & 4.83170608577 & 7.71467145195 & 3.56109633813 & 7.2599023835 & 8.74695284017 \
A77 & 3.87061040533 & 2.44989768677 & 8.0571152553 & 8.30142907166 & 2.64264027398 & 4.81347965949 & 2.61986802137 & 2.79089220208 \
A78 & 6.26175219396 & 3.86951969675 & 3.82719300062 & 1.47204059321 & 2.77241867934 & 7.8143890231 & 1.84636959465 & 1.95186545412 \
A79 & 3.41135947571 & 3.350457758 & 2.83592581545 & 7.38601716728 & 2.47689292353 & 2.20754485038 & 1.40408701296 & 4.24179329367 \
A80 & 1.47558687238 & 3.33864202044 & 6.57695461197 & 4.38066135621 & 4.00337177194 & 2.4249157496 & 6.46986875408 & 1.64065577989 \
A81 & 2.73301918074 & 3.70500989189 & 2.08909451299 & 3.16662108422 & 2.70754665267 & 1.04292860791 & 1.94318595389 & 8.06804143554 \
