c1 = [15.936108598291165, 17.088899156860496, 13.172940242186481, 1.3017745177361693, 0.32167507840068232, 18.135705361192066, 18.690843691364964, 15.352053353967971]
c2 = [1.8213493644644065, 4.6213624406951244, 22.486459095135665, 22.717048405042352, 25.33544127719636, 4.1678896670267189, 5.6616561550757982, 13.18879359536357]
c3 = [5.7500223070505427, 15.584383914420128, 8.0087225906867108, 18.771909948868011, 18.950197279286616, 13.200005273558233, 7.1738218454044658, 12.560936840725287]
c4 = [35.03850827887284, 12.004023362795357, 12.417938689622357, 15.098392766158259, 1.8760184375986355, 0.21221645491639315, 16.810644151295399, 6.542257858740741]
