*** arquivo_notas: notas_compositores.txt qtd_aleatorios: 8000000 std: 1.1

*** Dimensões da tabela de notas: (1378, 8)

*** Tabela geral de notas:
[[ 3.          8.          5.         ...,  5.          3.          7.        ]
 [ 2.          6.          9.         ...,  2.          1.          5.        ]
 [ 6.          4.          1.         ...,  7.          2.          2.        ]
 ..., 
 [ 1.46308857  5.52945623  8.46799833 ...,  3.15316515  1.69591278
   5.70246758]
 [ 6.90200067  7.503102    6.56615682 ...,  3.14640296  7.9548665
   3.81678161]
 [ 6.27535239  6.8700094   5.01525512 ...,  8.08927216  3.87680265
   6.99168033]]

*** Matriz de covariância:
[[ 1.   -0.14 -0.14  0.71 -0.2   0.17  0.56 -0.16]
 [-0.14  1.   -0.09 -0.12  0.19 -0.46 -0.11  0.37]
 [-0.14 -0.09  1.   -0.26  0.26 -0.05  0.38  0.1 ]
 [ 0.71 -0.12 -0.26  1.   -0.37  0.21  0.45 -0.04]
 [-0.2   0.19  0.26 -0.37  1.   -0.31 -0.04 -0.24]
 [ 0.17 -0.46 -0.05  0.21 -0.31  1.    0.24 -0.1 ]
 [ 0.56 -0.11  0.38  0.45 -0.04  0.24  1.    0.05]
 [-0.16  0.37  0.1  -0.04 -0.24 -0.1   0.05  1.  ]]

*** Pearson (igual matriz covar.):
 ###TABLE III. Pearson correlation coefficients between the eight musical characteristics.
['1.0', '-0.14', '-0.14', '0.71', '-0.2', '0.17', '0.56', '-0.16']
['-0.14', '1.0', '-0.09', '-0.12', '0.19', '-0.46', '-0.11', '0.37']
['-0.14', '-0.09', '1.0', '-0.26', '0.26', '-0.05', '0.38', '0.1']
['0.71', '-0.12', '-0.26', '1.0', '-0.37', '0.21', '0.45', '-0.04']
['-0.2', '0.19', '0.26', '-0.37', '1.0', '-0.31', '-0.04', '-0.24']
['0.17', '-0.46', '-0.05', '0.21', '-0.31', '1.0', '0.24', '-0.1']
['0.56', '-0.11', '0.38', '0.45', '-0.04', '0.24', '1.0', '0.05']
['-0.16', '0.37', '0.1', '-0.04', '-0.24', '-0.1', '0.05', '1.0']

*** Autovetores (raw):
[[-0.51  0.52 -0.55  0.08  0.04  0.33  0.22  0.  ]
 [ 0.1   0.08 -0.09  0.56 -0.07 -0.58  0.49  0.28]
 [-0.4  -0.67 -0.17 -0.11 -0.14 -0.07  0.42 -0.39]
 [-0.35  0.22  0.08 -0.1  -0.71 -0.41 -0.36 -0.1 ]
 [ 0.31  0.06  0.12  0.52 -0.45  0.46  0.09 -0.44]
 [-0.52  0.06  0.76  0.16  0.09  0.2   0.19  0.2 ]
 [ 0.09  0.44  0.23 -0.23  0.29 -0.32  0.27 -0.66]
 [ 0.28  0.13  0.08 -0.55 -0.43  0.18  0.54  0.3 ]]

*** Autovalores (raw):
[ 2.53  1.48  1.44  1.17  0.55  0.36  0.26  0.22]

*** Autovalores prop (raw):
[ 0.32  0.18  0.18  0.15  0.07  0.04  0.03  0.03]

*** Autovalores (var. %) ###TABLE IV### New variances after PCA, in percentages for scores on III.:
[32.0, 18.0, 18.0, 15.0, 7.0000000000000009, 4.0, 3.0, 3.0]

*** Dados finais:
[[ 1.71739682  1.99389174 -0.69377624 ...,  1.8824887  -0.19516126
  -1.21561719]
 [-1.31523665 -3.68084212  0.36772557 ..., -3.32933254  0.41050508
  -0.01302519]
 [ 0.22544614 -1.35959218  0.58631255 ..., -0.44775934 -1.21508398
   0.8207394 ]
 ..., 
 [ 0.17607161  0.79580451  1.15583026 ...,  0.90655581 -1.32117895
  -0.12445064]
 [ 0.90246622  0.06267679 -2.74134037 ...,  0.03791239 -0.0475817
   0.66153434]
 [ 0.67861554 -0.77304428  0.56857856 ..., -0.83274066 -2.19125114
   1.229029  ]]

*** Componentes principais [T] (todos):
[ 1.71739682  1.99389174 -0.69377624 ...,  1.8824887  -0.19516126
 -1.21561719] [-1.31523665 -3.68084212  0.36772557 ..., -3.32933254  0.41050508
 -0.01302519] [ 0.22544614 -1.35959218  0.58631255 ..., -0.44775934 -1.21508398
  0.8207394 ] [ 0.7859      0.77317583  1.1164583  ...,  0.50688798  0.76051636
 -0.3449332 ]

*** Componentes principais [T] (somente originais):
[ 1.71739682  1.99389174 -0.69377624  0.27997368 -0.54297592 -0.41851802
 -2.0528489 ] [-1.31523665 -3.68084212  0.36772557  1.17330771  0.47517654  0.90117693
  0.09983446] [ 0.22544614 -1.35959218  0.58631255 -0.97419932  0.46584684 -0.50624742
  1.07449609] [ 0.7859      0.77317583  1.1164583  -0.0431512  -0.80183112  0.79886197
 -1.44214161]

*** Contribuições (autovetores) [P] (idem para todos e originais) ###TABLE VI.### Percentages of the contributions from each musical characteristic on the four new main axes.

C1 [19.969306019423176, 4.0558949690066406, 15.472246883512497, 13.593915551370731, 12.028511036500889, 20.260322980832971, 3.6822995263888485, 10.937503032964251]
C2 [23.791982455263593, 3.7710716526533905, 30.767917864278608, 10.160701906293168, 2.7716163465082624, 2.5300255662413544, 20.237304204094563, 5.9693800046670598]
C3 [26.277742905206107, 4.4930499360322358, 8.0136543565468905, 3.628335850052486, 5.9371385932521372, 36.430653774391367, 11.16047622242453, 4.0589483620942275]
C4 [3.2790689970634652, 24.231098373158549, 4.6745398411559256, 4.528552082377538, 22.475816806644382, 6.8662005031821485, 10.109557585321168, 23.835165811096822]
C5 [1.6877223935199552, 3.2848854533830614, 6.2198436683390046, 32.123424375252043, 20.16639221472758, 4.0195666541077255, 13.239979843845228, 19.258185396825393]
C6 [13.058104341977335, 22.786659724498705, 2.6364323527402278, 16.213012635556591, 18.201091766814294, 7.7277748432332549, 12.4699539252066, 6.9069704099729821]
C7 [8.6635503561629417, 18.97573203756416, 16.181285435722181, 14.049091069284501, 3.359206997954149, 7.4944209411342149, 10.3699113159456, 20.906801846232266]
C8 [0.14458293058073904, 11.889314880228474, 16.463882674701061, 4.2257556243067365, 18.626658231716522, 8.4288603930646069, 27.538451718535512, 12.68249354686635]
princ_orig [[ 1.71739682 -1.31523665  0.22544614  0.7859      0.1236969   0.17607161
   0.90246622  0.67861554]
 [ 1.99389174 -3.68084212 -1.35959218  0.77317583  0.07080405  0.79580451
   0.06267679 -0.77304428]
 [-0.69377624  0.36772557  0.58631255  1.1164583   0.98052007  1.15583026
  -2.74134037  0.56857856]
 [ 0.27997368  1.17330771 -0.97419932 -0.0431512  -0.81445494 -0.96403632
  -0.18917356  1.04396116]
 [-0.54297592  0.47517654  0.46584684 -0.80183112 -0.08532689 -0.25643722
  -0.01714859  0.62499148]
 [-0.41851802  0.90117693 -0.50624742  0.79886197 -0.41138283 -0.13037673
   0.65855981 -1.9170377 ]
 [-2.0528489   0.09983446  1.07449609 -1.44214161  0.4452919   0.14221246
   0.67975872 -1.73685992]]
princ [[ 1.71739682 -1.31523665  0.22544614 ...,  0.17607161  0.90246622
   0.67861554]
 [ 1.99389174 -3.68084212 -1.35959218 ...,  0.79580451  0.06267679
  -0.77304428]
 [-0.69377624  0.36772557  0.58631255 ...,  1.15583026 -2.74134037
   0.56857856]
 ..., 
 [ 1.8824887  -3.32933254 -0.44775934 ...,  0.90655581  0.03791239
  -0.83274066]
 [-0.19516126  0.41050508 -1.21508398 ..., -1.32117895 -0.0475817
  -2.19125114]
 [-1.21561719 -0.01302519  0.8207394  ..., -0.12445064  0.66153434
   1.229029  ]]

###TABLE VII. TABLE VIII###.


*** Oposição:
[0.99999999999999989, 1.0169109584916691, 0.50023459434806661, 0.26905246253752235, 0.46287638211339804, 0.25715422440524627]

*** Inovação:
[4.9965308368192275e-08, 1.8939282743357559, 2.8663941053751314, 1.7848674305854462, 2.6812971690531384, 3.178992529137227]

*** Dialéticas:
[3.2564747789435118, 2.0910050785225733, 0.018398943385511578, 0.5669003090262924, 1.9829876715527626]

*** Dialéticas 2d:
[3.1423530173887291, 2.5623296936446534, 0.44720703807816176, 0.16910021206108436, 1.0056012851779248]

*** Dialéticas Todos (8d):
[2.1145552997381807, 1.1924683295296512, 1.0365392798894786, 0.2421948743463197, 0.3004323743865327]
dados [[-1.14687059 -0.04710633  0.69945395 ...,  0.95405882  0.44781525
  -0.84577677]
 [ 0.49981528  0.61735122 -0.73725883 ..., -1.61128032 -0.28896779
   0.46714294]
 [ 0.60649444  0.08532765  0.15979581 ..., -0.34514051 -1.55295255
  -0.50937125]
 ..., 
 [ 1.08962251  0.27807074  0.68344228 ..., -1.56243059 -1.87990634
  -0.65462692]
 [-1.47701748  1.18660269 -0.65385545 ..., -1.27359867  0.20655757
  -0.50546613]
 [ 0.72095094 -1.71973595  0.23005818 ..., -1.15600604  0.96324898
   1.19723639]]
###TABLE V.### Average and standard deviation of the deviations for each composer and for the 8 eigenvalues.
main_means [3.7212154669506177, 5.3694606049205316, 4.4600968973920736, 3.5504000070997783, 3.0827428162937718, 3.7098587895918036, 4.2604959808485638]
main_stds [0.8221702463446563, 0.96551306563213157, 0.87640172555333962, 0.77762537928991515, 0.68450830649819672, 0.75101630087590443, 0.88432276492270689]
eigenvalues means [-0.17691062 -0.05063081 -0.05001719 -0.01969097  0.05446465  0.07507526
  0.08396867  0.08374101]
eigenvalues stds [ 0.00443945  0.00255928  0.00223097  0.00193876  0.00217475  0.00242879
  0.00264496  0.00315674]
