
*** Dimensões da tabela de notas: (7, 8)

*** Tabela geral de notas:
[[ 3.   3.5  9.   5.   4.5  3.5  5.   4.5]
 [ 8.   7.5  7.   5.5  7.5  8.   2.5  2.5]
 [ 1.5  2.5  9.   6.5  7.   2.5  7.5  7.5]
 [ 8.   2.   1.   5.   2.   3.   1.   1. ]
 [ 7.   2.5  8.5  6.5  4.5  3.5  7.5  5. ]
 [ 7.5  9.   1.   9.   5.   8.   1.   1.5]
 [ 5.5  7.5  1.   8.   2.5  5.5  5.   6. ]]

*** Matriz de covariância:
[[ 1.    0.37 -0.55  0.11 -0.26  0.56 -0.67 -0.8 ]
 [ 0.37  1.   -0.48  0.67  0.16  0.94 -0.47 -0.27]
 [-0.55 -0.48  1.   -0.49  0.64 -0.37  0.7   0.53]
 [ 0.11  0.67 -0.49  1.   -0.05  0.49 -0.06  0.09]
 [-0.26  0.16  0.64 -0.05  1.    0.29  0.23  0.22]
 [ 0.56  0.94 -0.37  0.49  0.29  1.   -0.57 -0.47]
 [-0.67 -0.47  0.7  -0.06  0.23 -0.57  1.    0.92]
 [-0.8  -0.27  0.53  0.09  0.22 -0.47  0.92  1.  ]]

*** Pearson (igual matriz covar.):

['1.0', '0.37', '-0.55', '0.11', '-0.26', '0.56', '-0.67', '-0.8']
['0.37', '1.0', '-0.48', '0.67', '0.16', '0.94', '-0.47', '-0.27']
['-0.55', '-0.48', '1.0', '-0.49', '0.64', '-0.37', '0.7', '0.53']
['0.11', '0.67', '-0.49', '1.0', '-0.05', '0.49', '-0.06', '0.09']
['-0.26', '0.16', '0.64', '-0.05', '1.0', '0.29', '0.23', '0.22']
['0.56', '0.94', '-0.37', '0.49', '0.29', '1.0', '-0.57', '-0.47']
['-0.67', '-0.47', '0.7', '-0.06', '0.23', '-0.57', '1.0', '0.92']
['-0.8', '-0.27', '0.53', '0.09', '0.22', '-0.47', '0.92', '1.0']

*** Autovetores (raw):
[[-0.39 -0.19  0.19 -0.79 -0.26  0.    0.26 -0.13]
 [-0.37  0.46 -0.06  0.14  0.1   0.47  0.12 -0.64]
 [ 0.4   0.18  0.43 -0.21  0.63  0.08  0.43 -0.01]
 [-0.22  0.43 -0.53 -0.17  0.27 -0.6   0.16  0.05]
 [-0.39  0.4   0.2  -0.06  0.09  0.31 -0.3   0.71]
 [ 0.12  0.5   0.55  0.08 -0.44 -0.44 -0.08 -0.15]
 [ 0.43  0.21 -0.2  -0.52  0.06  0.14 -0.63 -0.12]
 [ 0.39  0.3  -0.34 -0.06 -0.5   0.33  0.46  0.19]]

*** Autovalores (raw):
[ 4.1   1.89  1.34  0.38  0.21  0.09  0.    0.  ]

*** Autovalores prop (raw):
[ 0.51  0.24  0.17  0.05  0.03  0.01  0.    0.  ]

*** Autovalores (var. %):
[51.0, 24.0, 17.0, 5.0, 3.0, 1.0, 0.0, 0.0]

*** Dados finais:
[[  1.46968266e+00  -1.30856462e+00   1.99512401e+00  -8.04018268e-01
    1.17091326e+00  -2.51674957e+00  -6.38747430e-03]
 [ -5.16855274e-01   9.93511112e-01   7.88711385e-01  -2.97695741e+00
   -3.05902554e-01   1.28655846e+00   7.30934284e-01]
 [  3.02124625e-01   2.15748722e+00  -9.87787942e-01   2.41755015e-01
   -2.48020882e-01   9.05703008e-02  -1.55612833e+00]
 [  5.91794317e-01  -1.57929012e-01   1.49015160e-01   2.81537657e-01
   -1.44444624e+00   4.12368189e-01   1.67659934e-01]
 [  7.71840047e-01  -2.54085676e-01   8.94279963e-01  -5.09474316e-01
    4.56553008e-01  -4.07277243e-01  -9.51835783e-01]
 [  8.22575359e-01   3.97491003e-01   1.20467514e+00  -6.29960291e-01
    2.24390140e-01  -1.58218716e+00  -4.36984196e-01]
 [ -1.12555134e-01  -2.39784962e-03  -5.00872523e-01   1.24146952e-01
   -1.12555134e-01   2.84842670e-01   3.19391019e-01]
 [  4.38950578e-01   9.35130576e-03   1.95333856e+00  -4.84157178e-01
    4.38950578e-01  -1.11084986e+00  -1.24558398e+00]]

*** Componentes principais [T] (todos):
[ 1.46968266 -1.30856462  1.99512401 -0.80401827  1.17091326 -2.51674957
 -0.00638747] [-0.51685527  0.99351111  0.78871139 -2.97695741 -0.30590255  1.28655846
  0.73093428] [ 0.30212462  2.15748722 -0.98778794  0.24175502 -0.24802088  0.0905703
 -1.55612833] [ 0.59179432 -0.15792901  0.14901516  0.28153766 -1.44444624  0.41236819
  0.16765993]

*** Componentes principais [T] (somente originais):
[ 1.46968266 -1.30856462  1.99512401 -0.80401827  1.17091326 -2.51674957
 -0.00638747] [-0.51685527  0.99351111  0.78871139 -2.97695741 -0.30590255  1.28655846
  0.73093428] [ 0.30212462  2.15748722 -0.98778794  0.24175502 -0.24802088  0.0905703
 -1.55612833] [ 0.59179432 -0.15792901  0.14901516  0.28153766 -1.44444624  0.41236819
  0.16765993]

*** Contribuições (autovetores) [P] (idem para todos e originais)

C1 [14.571012308898085, 13.521112211998561, 14.650899583255702, 7.9571860382912032, 14.443018063418933, 4.4998658180770601, 15.926213646284291, 14.430692329776168]
C2 [7.2566430953073233, 17.143807826149686, 6.5922287919908156, 16.142806888069313, 14.893374298555509, 18.775758207516137, 7.7231895905771371, 11.472191301834082]
princ_orig [[ 1.46968266 -0.51685527  0.30212462  0.59179432]
 [-1.30856462  0.99351111  2.15748722 -0.15792901]
 [ 1.99512401  0.78871139 -0.98778794  0.14901516]
 [-0.80401827 -2.97695741  0.24175502  0.28153766]
 [ 1.17091326 -0.30590255 -0.24802088 -1.44444624]
 [-2.51674957  1.28655846  0.0905703   0.41236819]
 [-0.00638747  0.73093428 -1.55612833  0.16765993]]
princ [[ 1.46968266 -0.51685527]
 [-1.30856462  0.99351111]
 [ 1.99512401  0.78871139]
 [-0.80401827 -2.97695741]
 [ 1.17091326 -0.30590255]
 [-2.51674957  1.28655846]
 [-0.00638747  0.73093428]]
a [ 1.46968266 -0.51685527  0.30212462  0.59179432] b [-1.30856462  0.99351111  2.15748722 -0.15792901] c [ 1.99512401  0.78871139 -0.98778794  0.14901516] w [ 1.55024168 -0.27852735  1.53193055  0.80872697]
---
a [-1.30856462  0.99351111  2.15748722 -0.15792901] b [ 1.99512401  0.78871139 -0.98778794  0.14901516] c [-0.80401827 -2.97695741  0.24175502  0.28153766] w [-0.96528492  1.88462236  2.74233685 -0.16238594]
---
a [ 1.99512401  0.78871139 -0.98778794  0.14901516] b [-0.80401827 -2.97695741  0.24175502  0.28153766] c [ 1.17091326 -0.30590255 -0.24802088 -1.44444624] w [ 2.59067688 -0.30541163 -1.36080441  0.36429157]
---
a [-0.80401827 -2.97695741  0.24175502  0.28153766] b [ 1.17091326 -0.30590255 -0.24802088 -1.44444624] c [-2.51674957  1.28655846  0.0905703   0.41236819] w [-0.62057077 -4.6183874   0.23862208 -0.29991664]
---
a [ 1.17091326 -0.30590255 -0.24802088 -1.44444624] b [-2.51674957  1.28655846  0.0905703   0.41236819] c [-0.00638747  0.73093428 -1.55612833  0.16765993] w [ 0.49799511  0.1844254  -0.32674617 -1.96048527]
---

*** Oposição:
[1.2545443322061871, 1.4028571557186722, 1.5378456824865629, 1.2047671965878153, 1.8649785745139547, 0.89168500558008601]

*** Inovação:
[0.0, 0.88198544487140418, 2.0610123335751438, 1.4835216440395971, 2.1735849138971326, 1.6994494993962721]

*** Dialéticas:
[0.63235719514903144, -1.2158286191597993, 0.99106266878322002, -0.95860231103150573, 0.15136034403923665]
[ 0.45186584  1.          0.78884674  0.7583523   0.        ]
