*** arquivo_notas: notas_compositores.txt qtd_aleatorios: 8000000 std: 1.1

*** Dimensões da tabela de notas: (1203, 8)

*** Tabela geral de notas:
[[ 3.          8.          5.         ...,  5.          3.          7.        ]
 [ 2.          6.          9.         ...,  2.          1.          5.        ]
 [ 6.          4.          1.         ...,  7.          2.          2.        ]
 ..., 
 [ 7.74398384  5.84883171  2.68880444 ...,  4.26062109  3.00243375
   7.44753669]
 [ 8.48233612  6.3745635   5.08932969 ...,  5.77679443  7.20699312
   2.89367632]
 [ 6.78595053  7.48618588  3.10403136 ...,  3.96589163  5.45545633
   6.11222322]]

*** Matriz de covariância:
[[ 1.   -0.16 -0.12  0.72 -0.2   0.11  0.5  -0.19]
 [-0.16  1.   -0.11 -0.14  0.2  -0.45 -0.17  0.36]
 [-0.12 -0.11  1.   -0.24  0.28  0.09  0.45  0.05]
 [ 0.72 -0.14 -0.24  1.   -0.39  0.14  0.4  -0.02]
 [-0.2   0.2   0.28 -0.39  1.   -0.26  0.01 -0.24]
 [ 0.11 -0.45  0.09  0.14 -0.26  1.    0.28 -0.09]
 [ 0.5  -0.17  0.45  0.4   0.01  0.28  1.   -0.01]
 [-0.19  0.36  0.05 -0.02 -0.24 -0.09 -0.01  1.  ]]

*** Pearson (igual matriz covar.):
 ###TABLE III. Pearson correlation coefficients between the eight musical characteristics.
['1.0', '-0.16', '-0.12', '0.72', '-0.2', '0.11', '0.5', '-0.19']
['-0.16', '1.0', '-0.11', '-0.14', '0.2', '-0.45', '-0.17', '0.36']
['-0.12', '-0.11', '1.0', '-0.24', '0.28', '0.09', '0.45', '0.05']
['0.72', '-0.14', '-0.24', '1.0', '-0.39', '0.14', '0.4', '-0.02']
['-0.2', '0.2', '0.28', '-0.39', '1.0', '-0.26', '0.01', '-0.24']
['0.11', '-0.45', '0.09', '0.14', '-0.26', '1.0', '0.28', '-0.09']
['0.5', '-0.17', '0.45', '0.4', '0.01', '0.28', '1.0', '-0.01']
['-0.19', '0.36', '0.05', '-0.02', '-0.24', '-0.09', '-0.01', '1.0']

*** Autovetores (raw):
[[-0.51  0.11  0.25  0.32 -0.02 -0.06 -0.71 -0.24]
 [ 0.32  0.28  0.53  0.07 -0.51  0.51 -0.04  0.09]
 [ 0.01 -0.63  0.3  -0.26  0.33  0.28 -0.3   0.41]
 [-0.51  0.29  0.2   0.13  0.04 -0.13  0.32  0.69]
 [ 0.29 -0.43  0.19  0.46 -0.35 -0.58  0.    0.16]
 [-0.32 -0.22 -0.37 -0.41 -0.71  0.02 -0.15  0.15]
 [ 0.13  0.26  0.41 -0.65  0.02 -0.55 -0.14 -0.05]
 [-0.41 -0.36  0.43 -0.08 -0.09  0.06  0.52 -0.49]]

*** Autovalores (raw):
[ 2.45  1.63  1.34  1.19  0.55  0.36  0.24  0.24]

*** Autovalores prop (raw):
[ 0.31  0.2   0.17  0.15  0.07  0.05  0.03  0.03]

*** Autovalores (var. %) ###TABLE IV### New variances after PCA, in percentages for scores on III.:
[31.0, 20.0, 17.0, 15.0, 7.0000000000000009, 5.0, 3.0, 3.0]

*** Dados finais:
[[ 1.83025227  3.10281697  0.07970014 ..., -1.26949481  0.74210943
  -0.48903649]
 [-1.12887119 -2.62874819  1.03136476 ...,  0.60314135  0.2097416
   1.64055802]
 [ 0.05526301 -0.3258353  -3.156915   ...,  0.15560423  0.20322691
   0.74903758]
 ..., 
 [ 0.9127226   0.99099712 -0.74173276 ...,  0.05044058 -1.50875794
   0.31005987]
 [ 0.91969933  0.34240833 -0.66650064 ...,  0.50283898 -2.24201991
   0.30607299]
 [-0.69082607  0.25653021  0.46818014 ..., -0.66936265  0.70494826
   0.03909276]]

*** Componentes principais [T] (todos):
[ 1.83025227  3.10281697  0.07970014 ..., -1.26949481  0.74210943
 -0.48903649] [-1.12887119 -2.62874819  1.03136476 ...,  0.60314135  0.2097416
  1.64055802] [ 0.05526301 -0.3258353  -3.156915   ...,  0.15560423  0.20322691
  0.74903758] [ 0.31678411  1.16579386  1.12123562 ...,  1.2891839   0.4120936
  0.31524074]

*** Componentes principais [T] (somente originais):
[ 1.83025227  3.10281697  0.07970014 -0.63101914 -0.98751653  0.25748384
 -1.32532037] [-1.12887119 -2.62874819  1.03136476  1.3973376   0.31293711  0.01368162
 -0.8707788 ] [ 0.05526301 -0.3258353  -3.156915    0.85930384 -0.20038355  1.45535312
  0.10584186] [ 0.31678411  1.16579386  1.12123562  0.99121582 -0.53292119  0.135579
 -2.29974498]

*** Contribuições (autovetores) [P] (idem para todos e originais) ###TABLE VI.### Percentages of the contributions from each musical characteristic on the four new main axes.

C1 [20.382994130107043, 12.78959024792807, 0.59465604201189115, 20.330039207464466, 11.451135488031708, 12.869934053608729, 5.1694289109822993, 16.4122219198658]
C2 [4.3977812919397268, 10.757572976762896, 24.503113935162624, 11.3470752993079, 16.623681708737546, 8.4599656638619525, 10.107476307253775, 13.803332816973587]
C3 [9.2027530175323857, 19.814494955379708, 11.238330691905267, 7.4610337087495662, 7.0532289507056412, 13.949999392558624, 15.394300544597355, 15.885858738571468]
C4 [13.379851777290947, 2.7595570324305618, 10.778115066443002, 5.5111532127859544, 19.619610288859324, 17.161196127051774, 27.569346006824407, 3.2211704883140122]
princ_orig [[ 1.83025227 -1.12887119  0.05526301  0.31678411 -0.54744283  0.9127226
   0.91969933 -0.69082607]
 [ 3.10281697 -2.62874819 -0.3258353   1.16579386  1.83107718  0.99099712
   0.34240833  0.25653021]
 [ 0.07970014  1.03136476 -3.156915    1.12123562 -0.28542426 -0.74173276
  -0.66650064  0.46818014]
 [-0.63101914  1.3973376   0.85930384  0.99121582 -0.05962238  0.55791642
   0.65203039 -0.27398613]
 [-0.98751653  0.31293711 -0.20038355 -0.53292119 -0.10977838  0.20303912
   0.40652052 -0.16058931]
 [ 0.25748384  0.01368162  1.45535312  0.135579   -0.09796197 -1.32263181
  -1.31031109  0.78742143]
 [-1.32532037 -0.8707788   0.10584186 -2.29974498  0.53529507 -1.0592513
  -1.18304886  0.79815304]]
princ [[ 1.83025227 -1.12887119  0.05526301 ...,  0.9127226   0.91969933
  -0.69082607]
 [ 3.10281697 -2.62874819 -0.3258353  ...,  0.99099712  0.34240833
   0.25653021]
 [ 0.07970014  1.03136476 -3.156915   ..., -0.74173276 -0.66650064
   0.46818014]
 ..., 
 [-1.26949481  0.60314135  0.15560423 ...,  0.05044058  0.50283898
  -0.66936265]
 [ 0.74210943  0.2097416   0.20322691 ..., -1.50875794 -2.24201991
   0.70494826]
 [-0.48903649  1.64055802  0.74903758 ...,  0.31005987  0.30607299
   0.03909276]]

###TABLE VII. TABLE VIII###.


*** Oposição:
[1.0, 1.0207383661955134, 0.5035297088257763, 0.2631657514477409, 0.4559427383223803, 0.24204311716552551]

*** Inovação:
[0.0, 1.9650688112671362, 2.9152140894153304, 1.7638948370834355, 2.7477335570459767, 3.1741505736950359]

*** Dialéticas:
[2.7243143184152916, 1.338769662128535, 1.02310410990506, 0.23784003974800283, 1.43560567840882]

*** Dialéticas 2d:
[3.7632641042024897, 3.1083587890538138, 0.22020892301371878, 0.46621317942452911, 0.69203393299789395]

*** Dialéticas Todos (8d):
[2.0139396806722796, 1.1922822293033737, 1.1673754764587005, 0.29318237500085736, 0.20200462805967065]
dados [[-0.15300583 -1.56011924 -1.2160816  ...,  0.77732945 -1.12038455
  -1.1574228 ]
 [ 0.93114069 -0.72585548  0.61652249 ..., -0.08462507  0.01242532
  -0.47887551]
 [ 1.63563795  0.81470162  0.0603776  ..., -0.34730143 -0.70360909
   1.84589313]
 ..., 
 [-1.08053712 -0.5539848  -0.37571553 ...,  0.26141663 -0.10702299
   0.40076258]
 [ 1.18036773  0.30103688  0.09171115 ...,  0.35371075 -0.23507076
  -0.72044031]
 [ 1.82832536  0.40961535 -1.05568866 ...,  0.32612154  0.37983536
   1.69734757]]
###TABLE V.### Average and standard deviation of the deviations for each composer and for the first 4 eigenvalues.
main_means [2.4819352230270564, 4.160024806535958, 1.6466195996745974, 1.8655027649151725, 1.639980969277562, 1.3370670625371754, 1.9852879753886539]
main_stds [0.99998530422729892, 0.99831259413942341, 0.79958430339785258, 0.89409061693588243, 0.8091945830614844, 0.65729007216172275, 0.90924407516878991]
eigenvalues means [-0.16658037 -0.06893927 -0.03689517 -0.02213423]
eigenvalues stds [ 0.00449412  0.00268229  0.00224183  0.00204321]
