
*** Dimensões da tabela de notas: (7, 8)

*** Tabela geral de notas:
[[ 3.   8.   5.   3.   7.   5.   3.   7. ]
 [ 2.   6.   9.   2.   8.   2.   1.   5. ]
 [ 6.   4.   1.   6.   6.   7.   2.   2. ]
 [ 7.   8.   2.5  8.   5.   4.   4.   7. ]
 [ 6.   6.   4.   7.   4.5  6.5  5.   7. ]
 [ 8.   7.   6.   7.   8.   5.   8.   5. ]
 [ 7.   4.   8.   7.   5.   8.   9.   6. ]]

*** Matriz de covariância:
[[ 1.   -0.16 -0.35  0.95 -0.43  0.56  0.74 -0.05]
 [-0.16  1.   -0.07 -0.12  0.26 -0.61 -0.15  0.63]
 [-0.35 -0.07  1.   -0.45  0.43 -0.29  0.27  0.25]
 [ 0.95 -0.12 -0.45  1.   -0.65  0.55  0.64  0.09]
 [-0.43  0.26  0.43 -0.65  1.   -0.61 -0.24 -0.3 ]
 [ 0.56 -0.61 -0.29  0.55 -0.61  1.    0.55 -0.16]
 [ 0.74 -0.15  0.27  0.64 -0.24  0.55  1.    0.27]
 [-0.05  0.63  0.25  0.09 -0.3  -0.16  0.27  1.  ]]

*** Pearson (igual matriz covar.):

['1.0', '-0.16', '-0.35', '0.95', '-0.43', '0.56', '0.74', '-0.05']
['-0.16', '1.0', '-0.07', '-0.12', '0.26', '-0.61', '-0.15', '0.63']
['-0.35', '-0.07', '1.0', '-0.45', '0.43', '-0.29', '0.27', '0.25']
['0.95', '-0.12', '-0.45', '1.0', '-0.65', '0.55', '0.64', '0.09']
['-0.43', '0.26', '0.43', '-0.65', '1.0', '-0.61', '-0.24', '-0.3']
['0.56', '-0.61', '-0.29', '0.55', '-0.61', '1.0', '0.55', '-0.16']
['0.74', '-0.15', '0.27', '0.64', '-0.24', '0.55', '1.0', '0.27']
['-0.05', '0.63', '0.25', '0.09', '-0.3', '-0.16', '0.27', '1.0']

*** Autovetores (raw):
[[ 0.47 -0.1  -0.03 -0.45 -0.15  0.05  0.62  0.23]
 [-0.2  -0.58  0.32 -0.28  0.32  0.44 -0.26 -0.37]
 [-0.21 -0.16 -0.73  0.14 -0.31  0.15 -0.18 -0.44]
 [ 0.48 -0.15  0.12 -0.23 -0.36 -0.36 -0.64 -0.53]
 [-0.38  0.09 -0.26 -0.61  0.35 -0.53 -0.03 -0.03]
 [ 0.43  0.22 -0.13  0.29  0.69 -0.08 -0.17 -0.38]
 [ 0.36 -0.27 -0.51 -0.17  0.22  0.28 -0.03  0.37]
 [-0.01 -0.69 -0.01  0.4   0.08 -0.53  0.27  0.23]]

*** Autovalores (raw):
[ 3.65  1.79  1.39  0.89  0.29  0.    0.    0.  ]

*** Autovalores prop (raw):
[ 0.46  0.22  0.17  0.11  0.04  0.    0.    0.  ]

*** Autovalores (var. %):
[46.0, 22.0, 17.0, 11.0, 4.0, 0.0, 0.0, 0.0]

*** Dados finais:
[[ -1.95230964e+00  -3.69442817e+00   8.87797324e-01   7.52797200e-01
    1.28804128e+00   5.27765946e-01   2.19033605e+00]
 [ -8.02409905e-01   5.64702371e-01   2.89961222e+00  -1.54510203e+00
   -6.03178740e-01  -6.07798952e-01   9.41750359e-02]
 [  4.37168193e-01  -7.52073418e-01   1.10349723e+00   1.63851336e+00
    5.10064835e-01  -9.85378907e-01  -1.95179129e+00]
 [  5.40587081e-01   1.68291505e-01  -2.90327724e-01  -3.22158146e-01
    1.00070446e+00  -1.97974750e+00   8.82650327e-01]
 [  1.05334430e+00  -6.80591165e-01   1.38555872e-01  -6.05706263e-01
   -7.29694759e-02   2.39134693e-01  -7.17679603e-02]
 [  2.50699252e-02  -9.44872639e-03   8.70402128e-03   5.02544096e-02
   -9.23653524e-02  -2.91665938e-02   4.69523165e-02]
 [ -1.24859433e-15   9.55121128e-16  -9.97465999e-17  -2.08126160e-15
    3.94169831e-15   1.12165458e-15  -1.05573509e-15]
 [ -7.86805517e-16   3.97698909e-16  -1.53902498e-16  -8.70072243e-16
    2.12752992e-15   5.50354575e-16  -3.47208969e-16]]

*** Componentes principais [T] (todos):
[-1.95230964 -3.69442817  0.88779732  0.7527972   1.28804128  0.52776595
  2.19033605] [-0.8024099   0.56470237  2.89961222 -1.54510203 -0.60317874 -0.60779895
  0.09417504] [ 0.43716819 -0.75207342  1.10349723  1.63851336  0.51006484 -0.98537891
 -1.95179129] [ 0.54058708  0.16829151 -0.29032772 -0.32215815  1.00070446 -1.9797475
  0.88265033]

*** Componentes principais [T] (somente originais):
[-1.95230964 -3.69442817  0.88779732  0.7527972   1.28804128  0.52776595
  2.19033605] [-0.8024099   0.56470237  2.89961222 -1.54510203 -0.60317874 -0.60779895
  0.09417504] [ 0.43716819 -0.75207342  1.10349723  1.63851336  0.51006484 -0.98537891
 -1.95179129] [ 0.54058708  0.16829151 -0.29032772 -0.32215815  1.00070446 -1.9797475
  0.88265033]

*** Contribuições (autovetores) [P] (idem para todos e originais)

C1 [18.378819788406254, 7.9518333919399637, 8.3483248792782216, 18.968229181654952, 14.88625785525643, 16.983394729921574, 14.212011068839537, 0.27112910470306567]
C2 [4.3442593882175462, 25.860794305765321, 6.9694278017498235, 6.8082751979491052, 3.8371317183206792, 9.580863933094788, 11.874872864624205, 30.724374790278542]
princ_orig [[-1.95230964 -0.8024099 ]
 [-3.69442817  0.56470237]
 [ 0.88779732  2.89961222]
 [ 0.7527972  -1.54510203]
 [ 1.28804128 -0.60317874]
 [ 0.52776595 -0.60779895]
 [ 2.19033605  0.09417504]]
princ [[-1.95230964 -0.8024099 ]
 [-3.69442817  0.56470237]
 [ 0.88779732  2.89961222]
 [ 0.7527972  -1.54510203]
 [ 1.28804128 -0.60317874]
 [ 0.52776595 -0.60779895]
 [ 2.19033605  0.09417504]]

*** Oposição:
[1.0000000000000002, 1.1447447627156548, 0.57023213712531873, 0.097613784496720479, 0.2037279191825199, -0.34785426033841893]

*** Inovação:
[0.0, 1.6149050544697379, 2.4899512988207411, 1.0030733836449006, 0.25894339823607149, 1.7156017051374224]

*** Dialéticas:
[15.690134302053174, 0.0, 2.3578201661429818, 0.0, 4.8528374187200525]
