
*** Dimensões da tabela de notas: (1547, 8)

*** Tabela geral de notas:
[[ 3.          8.          5.         ...,  5.          3.          7.        ]
 [ 2.          6.          9.         ...,  2.          1.          5.        ]
 [ 6.          4.          1.         ...,  7.          2.          2.        ]
 ..., 
 [ 1.41421451  8.54839344  4.30409894 ...,  7.7552865   3.72696553
   8.41800855]
 [ 4.7113427   3.20646152  2.24110644 ...,  7.09351659  5.6496172
   2.68444314]
 [ 3.59002045  6.92011092  5.74634649 ...,  6.77065848  4.54166112
   7.34721578]]

*** Matriz de covariância:
[[ 1.   -0.15 -0.06  0.59 -0.13  0.12  0.44 -0.12]
 [-0.15  1.   -0.03 -0.17  0.14 -0.38 -0.1   0.3 ]
 [-0.06 -0.03  1.   -0.18  0.21 -0.02  0.36  0.08]
 [ 0.59 -0.17 -0.18  1.   -0.28  0.15  0.35 -0.  ]
 [-0.13  0.14  0.21 -0.28  1.   -0.18  0.01 -0.17]
 [ 0.12 -0.38 -0.02  0.15 -0.18  1.    0.18 -0.1 ]
 [ 0.44 -0.1   0.36  0.35  0.01  0.18  1.    0.06]
 [-0.12  0.3   0.08 -0.   -0.17 -0.1   0.06  1.  ]]

*** Pearson (igual matriz covar.):

['1.0', '-0.15', '-0.06', '0.59', '-0.13', '0.12', '0.44', '-0.12']
['-0.15', '1.0', '-0.03', '-0.17', '0.14', '-0.38', '-0.1', '0.3']
['-0.06', '-0.03', '1.0', '-0.18', '0.21', '-0.02', '0.36', '0.08']
['0.59', '-0.17', '-0.18', '1.0', '-0.28', '0.15', '0.35', '-0.0']
['-0.13', '0.14', '0.21', '-0.28', '1.0', '-0.18', '0.01', '-0.17']
['0.12', '-0.38', '-0.02', '0.15', '-0.18', '1.0', '0.18', '-0.1']
['0.44', '-0.1', '0.36', '0.35', '0.01', '0.18', '1.0', '0.06']
['-0.12', '0.3', '0.08', '-0.0', '-0.17', '-0.1', '0.06', '1.0']

*** Autovalores (var. %):
[28.000000000000004, 18.0, 17.0, 13.0, 8.0, 6.0, 5.0, 5.0]

*** Dados finais:
[[ 1.89900781  1.71287252 -0.66980344 ...,  1.92327232 -1.43060826
   2.02905081]
 [ 0.9380646   1.82628655 -1.91278583 ...,  1.46506999 -1.15300048
   0.71394529]
 [-0.18335785 -1.72504499  1.31988769 ...,  0.78403745  0.29355145
  -0.39098139]
 ..., 
 [ 1.21141473  1.42568706  1.58050291 ...,  1.52924472  1.78796356
   0.16737145]
 [-0.04547924  2.5131106   1.64569539 ..., -1.19877422  0.6516747
  -0.29116125]
 [-0.74102409 -1.82541743  0.736806   ...,  0.36627106  0.67919816
   0.16224516]]

*** Componentes principais [T] (todos):
[ 1.89900781  1.71287252 -0.66980344 ...,  1.92327232 -1.43060826
  2.02905081] [ 0.9380646   1.82628655 -1.91278583 ...,  1.46506999 -1.15300048
  0.71394529]

*** Componentes principais [T] (somente originais):
[ 1.89900781  1.71287252 -0.66980344 -0.20930908  0.06276962 -1.88348202
 -1.29407087] [ 0.9380646   1.82628655 -1.91278583 -0.66519226 -0.35460606  0.89480268
  0.71027679]

*** Contribuições (autovetores) [P] (idem para todos e originais)

C1 [20.788728097527702, 13.219799004261484, 1.3219202535370516, 21.008756803627264, 16.10690644809133, 4.2388355048656701, 13.234191087941284, 10.080862800148225]
C2 [4.8543410663972271, 7.244404257954705, 29.929930526369958, 3.1881547488496893, 24.062656920181908, 7.213280567101175, 5.9073245502118645, 17.599907362933465]
C3 [6.6912678420648328, 21.148786909259403, 7.8466237046802885, 11.665887485305056, 2.412181876788551, 23.782420113463782, 13.711700298648491, 12.741131769789583]
C4 [14.30316221257366, 8.1806643997454209, 11.061446913721106, 8.0850039864576182, 2.0585595777729968, 19.967052834700887, 18.63937960932396, 17.704730465704358]

*** Oposição:
[1.0000000000000002, 1.2883945809159838, 0.27051884803472415, 0.20479805912980548, 0.89787192100721236, 0.15773561700495942]

*** Inovação:
[4.4408920985006262e-16, 0.54904805183810146, 0.32997211806216781, 0.067189415478689118, 2.1432489361550502, 0.035271561546547377]

*** Dialéticas:
[2.9940261455113633, 0.20688228465084091, 0.78994236779042692, 0.32986687611114446, 0.24243561865348406]
