A1 & 8.0491863323 & 7.07876946431 & 8.91975735453 & 7.52683822578 & 2.40098358871 & 5.26988077758 & 6.52735320076 & 2.84679390222 \
A2 & 6.81225208012 & 5.51885198497 & 5.4587806447 & 1.81077144932 & 4.10025183448 & 6.32489933662 & 3.79212372889 & 4.79938161591 \
A3 & 2.28192990165 & 7.13146621547 & 2.49201886091 & 6.42759622084 & 2.31205237547 & 4.68079349324 & 3.26783657948 & 3.42777554097 \
A4 & 6.1639141877 & 1.60140799674 & 8.54149138605 & 2.39498969153 & 5.51265503897 & 8.05448448067 & 7.33462872744 & 2.52421328869 \
A5 & 8.61638949075 & 6.21253884832 & 1.09836270571 & 8.28059189497 & 1.45044525142 & 5.2905928248 & 7.10227765236 & 1.93393942495 \
A6 & 5.55419144305 & 8.65301211171 & 6.21675424637 & 6.84177348092 & 2.35081838922 & 1.32755965916 & 3.06730955522 & 8.7672389305 \
A7 & 5.16251187824 & 3.66424949924 & 7.36773617246 & 2.15621443651 & 6.34962034598 & 3.59218150756 & 3.22057912091 & 5.77905879037 \
PEARSON
['1.0', '-0.05', '0.14', '0.2', '-0.18', '0.26', '0.68', '-0.3']
['-0.05', '1.0', '-0.38', '0.74', '-0.82', '-0.69', '-0.38', '0.38']
['0.14', '-0.38', '1.0', '-0.44', '0.59', '0.12', '0.11', '0.2']
['0.2', '0.74', '-0.44', '1.0', '-0.91', '-0.38', '0.23', '-0.14']
['-0.18', '-0.82', '0.59', '-0.91', '1.0', '0.28', '-0.13', '0.12']
['0.26', '-0.69', '0.12', '-0.38', '0.28', '1.0', '0.66', '-0.8']
['0.68', '-0.38', '0.11', '0.23', '-0.13', '0.66', '1.0', '-0.77']
['-0.3', '0.38', '0.2', '-0.14', '0.12', '-0.8', '-0.77', '1.0']
AUTOVALORES [ 42.52922863  34.23087856  13.73988129   5.45756841   2.95411997   1.08832315
        0.        ]
CONTRIBUICOES
C1 [5.177906351732717, 18.891369062848888, 9.604450033978674, 13.478084385313881, 14.276757654815311, 16.92748123650385, 11.05587399745417, 10.588077277352514]
C2 [13.611166589421975, 4.1318520081931, 8.94135565846401, 15.165065500702122, 15.288587743403811, 8.52160655017086, 17.690397982887866, 16.649967966756257]
OPOSICAO [1.0, 0.75229086892201791, 1.0968675457806629, 0.73603937088592442, 0.73206086727289521, 0.46810544652520375]
INOVACAO [1.1102230246251565e-16, 1.1769128147778216, 0.54158117984824872, 1.947876890093492, 2.9755606958425513, 2.557103035652601]
DIALÉTICAS [0.01092064356129888, 1.5050457497419849, 0.26975450388630012, 0.36985353480069949, 0.33816289516090414]
main_means [2.5179743504271817, 2.3063461011578159, 2.527708342967415, 3.7867669617681332, 3.5515066766249364, 3.482810166135244, 3.1339769905027364]
main_stds [1.153416767346938, 1.0002304544016709, 1.2097001919918007, 1.6428170294668087, 1.36847966292634, 1.5108486567693957, 1.3269079394401309]
eigenvalues means [-0.03780682 -0.08060045  0.03911743  0.05127019]
eigenvalues stds [ 0.05372915  0.03487844  0.02885544  0.02666423]
