A1 & 6.30070871126 & 5.33817340649 & 4.7565232102 & 3.29107572903 & 4.74387588399 & 1.80081188642 & 8.18903456222 & 7.51194656247 \
A2 & 7.54607795205 & 2.86265489914 & 3.28215060324 & 6.57388776634 & 5.90967773023 & 5.72173705855 & 7.98544281258 & 4.32214793841 \
A3 & 5.60714489299 & 2.40248638435 & 7.02774908866 & 5.96668080192 & 3.06966313122 & 1.80175318556 & 8.28808438822 & 5.5440237273 \
A4 & 5.49491108722 & 5.62488690694 & 2.53185390511 & 7.52961020928 & 7.30386870964 & 4.77094781339 & 6.69412261096 & 1.12088079639 \
A5 & 8.71715023827 & 2.11161316862 & 3.36855009294 & 4.99632988341 & 6.90743176121 & 3.8341828009 & 5.82337815957 & 6.52466446748 \
A6 & 8.81475896256 & 1.4421218939 & 4.01194157446 & 2.39550257093 & 8.72228320618 & 3.62965451086 & 8.08023227704 & 5.82592647736 \
A7 & 4.10069543312 & 8.8101869766 & 1.72895260871 & 2.10018233482 & 7.00598131533 & 4.34712257142 & 5.94185421514 & 8.54301343562 \
PEARSON
['1.0', '-0.84', '0.12', '-0.01', '0.36', '0.11', '0.18', '-0.07']
['-0.84', '1.0', '-0.55', '-0.26', '0.04', '0.13', '-0.46', '0.23']
['0.12', '-0.55', '1.0', '0.13', '-0.74', '-0.78', '0.71', '0.06']
['-0.01', '-0.26', '0.13', '1.0', '-0.3', '0.3', '0.06', '-0.83']
['0.36', '0.04', '-0.74', '-0.3', '1.0', '0.6', '-0.44', '-0.13']
['0.11', '0.13', '-0.78', '0.3', '0.6', '1.0', '-0.41', '-0.42']
['0.18', '-0.46', '0.71', '0.06', '-0.44', '-0.41', '1.0', '-0.11']
['-0.07', '0.23', '0.06', '-0.83', '-0.13', '-0.42', '-0.11', '1.0']
AUTOVALORES [ 38.53828419  28.61416409  21.39207937   6.58095815   3.91421877   0.96029542
        0.        ]
CONTRIBUICOES
C1 [4.688721947638968, 13.986031351273903, 23.306850902437507, 3.3008794050044497, 17.249151008172074, 17.606059944865287, 18.615856922020647, 1.2464485185871672]
C2 [16.01532824809056, 17.143880711940273, 1.1966369500863392, 18.764524370009397, 7.81807756455559, 14.125162287376213, 3.3082621572098425, 21.628127710731786]
OPOSICAO [1.0, 0.76908526979123026, 1.0039362879472542, 0.27425385719641093, 0.38536825181384365, 2.6715875655752428]
INOVACAO [2.3714374201337736e-16, 1.0363050682595647, 0.54667702399136231, 0.24682157483169426, 0.23347030846750635, 1.5501440031671241]
DIALÉTICAS [0.39686097431206185, 0.77205189283045361, 0.25670013069399089, 0.96732731235572433, 3.0325974289165405]
main_means [2.8376146242381552, 2.6321664461426932, 3.6013080273658198, 2.8963936521898108, 2.2332998812918365, 2.227562082438149, 4.1356439751263814]
main_stds [1.2768301218631948, 1.1666916815783568, 1.6088226991324679, 1.2902220204434338, 0.98403406046425135, 0.96672693363351492, 1.4990001781135818]
eigenvalues means [ 0.00379852 -0.02311295 -0.03945777  0.03937434]
eigenvalues stds [ 0.05161723  0.0344846   0.02886641  0.02587286]
