NOTAS

A1 & 7.95959877274 & 6.3619076078 & 6.44752528434 & 7.1602611964 & 8.24419304261 & 7.08692712085 & 2.77640504393 & 7.73302465703 & 1.63523131165 & 3.55559360577 & 1.84009402435 & 3.71448867781 & 4.02125088071 & 2.85564956019 & 7.11440975794 & 8.78466416913 & 7.23277250315 & 1.36417194829 & 5.10863509507 & 8.85357865943 \
A2 & 5.41108442598 & 4.73561270236 & 2.35776350118 & 3.32683325354 & 4.54493451049 & 4.15304393981 & 5.8939884359 & 8.27556896639 & 6.62430153668 & 5.5826718554 & 3.64559059676 & 8.25139209144 & 8.45835762772 & 7.75912163025 & 6.94654434813 & 3.06211499964 & 1.70329091242 & 4.15291506234 & 2.51137803555 & 6.72899531948 \
A3 & 6.8271452403 & 7.35296370832 & 2.75599274769 & 5.37204251761 & 2.60280936657 & 7.2880297439 & 6.3587546906 & 7.29966615007 & 7.099571741 & 3.66329780503 & 4.7551659871 & 5.24934245272 & 5.85390306466 & 8.16815963685 & 3.04673244913 & 3.08186927413 & 8.88254621627 & 1.81976520492 & 1.48443217826 & 6.18245319557 \
A4 & 8.33785828244 & 6.67321306351 & 6.18746078828 & 4.49645823886 & 2.60585193824 & 8.36652640042 & 5.3479716895 & 2.22799364867 & 1.6108448013 & 8.3175400088 & 6.72417436598 & 4.82120385464 & 6.79090919136 & 3.93358628093 & 2.53033604941 & 4.50925052827 & 6.33213697264 & 8.96275137257 & 3.98435449076 & 5.29720876445 \
A5 & 8.56866717591 & 5.12787937397 & 7.61574446025 & 7.69997570492 & 2.06903276449 & 8.04982366034 & 2.55736339638 & 2.50287924809 & 6.19440886395 & 7.64691207992 & 1.75847765388 & 3.21721709409 & 4.48274708592 & 1.58068289173 & 5.53462645806 & 3.64356174288 & 8.53641912819 & 6.03722290056 & 6.23402830983 & 4.4881697805 \
A6 & 4.04455159814 & 4.6065339164 & 4.94528908866 & 4.32869563231 & 4.3475350205 & 4.75556916519 & 2.50056106189 & 6.72969578729 & 3.98660648137 & 8.20816841545 & 7.97555741564 & 3.67346586935 & 6.14760846369 & 8.3828405451 & 5.41811569867 & 8.96425531314 & 2.19429297391 & 2.2578875588 & 8.48463574497 & 6.47462494493 \
A7 & 6.24307371475 & 7.85553211179 & 5.18638619394 & 8.04293419736 & 1.66181160347 & 8.47248168185 & 4.05949351522 & 4.52876487457 & 7.40587817463 & 6.89801336403 & 4.98501194644 & 6.27858948729 & 1.49830578302 & 3.55281259228 & 7.51241925205 & 3.04091818231 & 1.13786262368 & 3.00820915341 & 8.89487424284 & 5.48420385192 \
A8 & 8.49631709104 & 2.81040337637 & 2.32906148081 & 8.65923232662 & 1.90244213972 & 5.60537697254 & 3.48369448863 & 5.67026948971 & 7.09401136754 & 8.62972986145 & 8.07747697168 & 6.20225894939 & 5.96925975758 & 8.04159148622 & 2.25022916362 & 7.5210151528 & 2.93577385272 & 1.53625609632 & 1.40417520818 & 1.27850860215 \
A9 & 4.4074031268 & 1.23101151849 & 8.56676284009 & 3.4033480329 & 6.06077366708 & 6.56615624371 & 3.89687755158 & 1.39921703851 & 3.97417908817 & 5.44445100942 & 4.90556021678 & 8.26957352854 & 2.38391173054 & 3.70275837066 & 4.19513803306 & 3.28252364681 & 8.48411530439 & 5.70168874527 & 5.25357810172 & 4.8123644755 \
A10 & 6.34097181155 & 3.41251285994 & 3.57874858092 & 1.29606302527 & 4.95315374863 & 6.61842655797 & 7.474928508 & 3.90837696632 & 2.41726484349 & 6.91570696519 & 2.00565173067 & 2.04649479361 & 6.14837078571 & 4.9852951962 & 4.32797777993 & 2.79825106505 & 2.47158570824 & 8.60029577786 & 2.78399436279 & 4.84112806408 \
A11 & 6.93777773139 & 6.08164211544 & 3.21342218273 & 6.78518141062 & 7.02201237161 & 4.26000861581 & 4.76152482037 & 1.774514456 & 6.30280181219 & 4.33671454566 & 7.81168613537 & 4.82975189216 & 3.51509238012 & 6.31678236875 & 2.95499759561 & 8.81053421834 & 8.06426898627 & 5.43858116228 & 6.78254067223 & 6.12517964431 \
A12 & 1.22432330351 & 7.8725641941 & 7.72547715431 & 4.7913758409 & 7.96747395817 & 3.06001235061 & 2.63122200649 & 6.36537824884 & 7.63802395675 & 1.30827867796 & 6.97750599553 & 6.39272987011 & 1.4170630888 & 7.35970926797 & 5.77858119546 & 2.44602903146 & 4.8124311429 & 3.74097594015 & 6.5588765741 & 3.45586148959 \
A13 & 3.88708680055 & 7.64105347107 & 1.85488998706 & 4.83854786081 & 8.86299507539 & 3.48980583297 & 2.60345677559 & 7.519745604 & 5.27461477607 & 4.76969029111 & 2.85474886142 & 5.58463058961 & 5.43791242575 & 8.22298086577 & 5.25535475899 & 1.5940213987 & 4.61982561534 & 5.77082250951 & 8.01436461908 & 7.6156587756 \
A14 & 2.13126841991 & 3.09391521628 & 7.46676077681 & 4.34452381774 & 6.14794255158 & 6.37601663441 & 6.1345516687 & 3.21009674368 & 3.63366429376 & 4.79307580264 & 2.14208676334 & 8.18260731912 & 3.35044426751 & 7.23344648422 & 5.21386032144 & 7.53699394505 & 4.89776223772 & 4.22798332758 & 6.37330540327 & 5.09049861689 \
A15 & 5.19956706789 & 7.65790415984 & 4.59865519495 & 4.29588855602 & 8.66499817319 & 5.19181067636 & 2.42835816977 & 1.5638178587 & 6.15097635529 & 2.58066822561 & 5.33389044775 & 7.91890432933 & 3.01486853652 & 5.80664298115 & 1.01070964272 & 2.14578019748 & 6.09088458698 & 5.68180150775 & 8.45366367201 & 1.08765641655 \
A16 & 6.49109373747 & 6.88089440409 & 6.86412246922 & 2.22646766255 & 1.29059110494 & 5.58099199711 & 2.69544565168 & 8.96879580035 & 2.52637000139 & 2.33386625328 & 8.85333157062 & 2.38374433596 & 5.93507347073 & 6.45462310912 & 3.86664706809 & 5.71965083258 & 5.35415191969 & 7.17024930982 & 7.70146309006 & 6.77888129691 \
A17 & 8.21672566519 & 6.003270089 & 6.98416821858 & 4.46151983161 & 4.59765454652 & 1.47478477656 & 8.72082564523 & 2.11870579436 & 8.24115887056 & 4.88356509524 & 1.60250791644 & 4.27160327324 & 2.16586061505 & 4.9427191765 & 8.83876562058 & 5.91595807773 & 2.07015559114 & 8.27918250594 & 2.37063038107 & 6.81490840902 \
A18 & 7.19391853189 & 5.25622966284 & 1.45975527268 & 8.86464415884 & 8.65647628772 & 3.93083558426 & 1.74350525122 & 7.01991472839 & 7.02494485072 & 8.07186255822 & 2.52626115363 & 8.97525472533 & 5.69013356351 & 1.39156827081 & 7.56284932439 & 8.9608775021 & 1.884731254 & 2.07617406964 & 7.69889294566 & 5.21112003413 \
A19 & 7.94746265189 & 6.97244196541 & 8.68452495484 & 7.98021652747 & 5.48810450097 & 2.08706893 & 3.13308257946 & 1.51001599587 & 3.29578288263 & 5.02132102335 & 4.27527129935 & 2.75554433006 & 3.054900351 & 5.30974986023 & 3.43965726875 & 6.77313622073 & 6.32375745432 & 7.22280339764 & 7.06132942094 & 4.62344518361 \
A20 & 2.78617103625 & 7.73754849571 & 6.62192128567 & 2.97556945629 & 5.89555754648 & 6.117711017 & 7.0345420384 & 2.88885783729 & 2.47121202408 & 1.55434365329 & 4.33849855806 & 3.05882912836 & 5.57105293173 & 2.3786721837 & 5.39254522656 & 6.23996232798 & 2.12670581515 & 7.20234092037 & 1.54882841409 & 1.26190421784 \

PEARSON

['1.0', '-0.04', '-0.15', '0.48', '-0.42', '0.14', '0.0', '-0.11', '0.04', '0.49', '-0.09', '-0.3', '0.18', '-0.33', '-0.07', '0.23', '0.18', '0.08', '-0.2', '0.2']
['-0.04', '1.0', '-0.01', '0.1', '0.11', '-0.13', '-0.13', '0.15', '0.11', '-0.51', '0.11', '-0.26', '-0.15', '-0.03', '0.03', '-0.22', '0.01', '0.09', '0.24', '0.04']
['-0.15', '-0.01', '1.0', '-0.15', '-0.11', '0.06', '0.02', '-0.46', '-0.36', '-0.3', '-0.04', '-0.28', '-0.55', '-0.31', '0.06', '0.01', '0.31', '0.38', '0.12', '-0.08']
['0.48', '0.1', '-0.15', '1.0', '-0.0', '-0.01', '-0.46', '-0.03', '0.4', '0.38', '-0.05', '0.17', '-0.25', '-0.26', '0.11', '0.38', '0.1', '-0.52', '0.23', '-0.03']
['-0.42', '0.11', '-0.11', '-0.0', '1.0', '-0.46', '-0.23', '-0.04', '-0.01', '-0.37', '-0.31', '0.35', '-0.26', '-0.05', '0.11', '0.07', '0.05', '-0.1', '0.29', '0.01']
['0.14', '-0.13', '0.06', '-0.01', '-0.46', '1.0', '0.03', '-0.04', '-0.34', '0.24', '0.01', '-0.06', '0.16', '-0.33', '-0.2', '-0.16', '0.26', '-0.11', '-0.1', '-0.06']
['0.0', '-0.13', '0.02', '-0.46', '-0.23', '0.03', '1.0', '-0.29', '-0.03', '-0.08', '-0.3', '-0.17', '0.1', '0.05', '0.15', '-0.1', '-0.22', '0.42', '-0.72', '0.02']
['-0.11', '0.15', '-0.46', '-0.03', '-0.04', '-0.04', '-0.29', '1.0', '0.07', '-0.07', '0.12', '0.04', '0.48', '0.36', '0.29', '0.03', '-0.26', '-0.55', '0.03', '0.45']
['0.04', '0.11', '-0.36', '0.4', '-0.01', '-0.34', '-0.03', '0.07', '1.0', '0.06', '-0.0', '0.47', '-0.29', '0.21', '0.24', '-0.21', '-0.18', '-0.37', '0.01', '-0.13']
['0.49', '-0.51', '-0.3', '0.38', '-0.37', '0.24', '-0.08', '-0.07', '0.06', '1.0', '-0.06', '0.08', '0.33', '-0.14', '0.07', '0.2', '-0.24', '-0.12', '-0.0', '0.08']
['-0.09', '0.11', '-0.04', '-0.05', '-0.31', '0.01', '-0.3', '0.12', '-0.0', '-0.06', '1.0', '-0.06', '0.09', '0.43', '-0.54', '0.13', '0.07', '-0.11', '0.16', '-0.24']
['-0.3', '-0.26', '-0.28', '0.17', '0.35', '-0.06', '-0.17', '0.04', '0.47', '0.08', '-0.06', '1.0', '-0.13', '0.1', '0.07', '-0.13', '-0.09', '-0.43', '0.14', '-0.16']
['0.18', '-0.15', '-0.55', '-0.25', '-0.26', '0.16', '0.1', '0.48', '-0.29', '0.33', '0.09', '-0.13', '1.0', '0.19', '-0.15', '0.08', '-0.2', '-0.01', '-0.38', '0.13']
['-0.33', '-0.03', '-0.31', '-0.26', '-0.05', '-0.33', '0.05', '0.36', '0.21', '-0.14', '0.43', '0.1', '0.19', '1.0', '-0.32', '-0.13', '-0.05', '-0.21', '-0.04', '0.09']
['-0.07', '0.03', '0.06', '0.11', '0.11', '-0.2', '0.15', '0.29', '0.24', '0.07', '-0.54', '0.07', '-0.15', '-0.32', '1.0', '0.13', '-0.5', '-0.17', '0.03', '0.47']
['0.23', '-0.22', '0.01', '0.38', '0.07', '-0.16', '-0.1', '0.03', '-0.21', '0.2', '0.13', '-0.13', '0.08', '-0.13', '0.13', '1.0', '-0.1', '-0.3', '0.05', '0.14']
['0.18', '0.01', '0.31', '0.1', '0.05', '0.26', '-0.22', '-0.26', '-0.18', '-0.24', '0.07', '-0.09', '-0.2', '-0.05', '-0.5', '-0.1', '1.0', '0.05', '0.07', '0.11']
['0.08', '0.09', '0.38', '-0.52', '-0.1', '-0.11', '0.42', '-0.55', '-0.37', '-0.12', '-0.11', '-0.43', '-0.01', '-0.21', '-0.17', '-0.3', '0.05', '1.0', '-0.11', '-0.1']
['-0.2', '0.24', '0.12', '0.23', '0.29', '-0.1', '-0.72', '0.03', '0.01', '-0.0', '0.16', '0.14', '-0.38', '-0.04', '0.03', '0.05', '0.07', '-0.11', '1.0', '0.17']
['0.2', '0.04', '-0.08', '-0.03', '0.01', '-0.06', '0.02', '0.45', '-0.13', '0.08', '-0.24', '-0.16', '0.13', '0.09', '0.47', '0.14', '0.11', '-0.1', '0.17', '1.0']

AUTOVALORES 

[ 15.94458396  14.17151499  12.55245672  11.47805915   9.43638996   7.10428485  6.48919412   5.50635412   5.17381587   4.73186151]

CONTRIBUICOES

C1 [0.9801318009660861, 0.6699880734475359, 8.400136874300488, 8.128068878395137, 4.26602285245928, 4.20871472832796, 7.87203402988645, 8.618072726057466, 8.41232053955525, 2.9098486708543083, 1.0144100931986084, 7.95531943058357, 0.3321830246072373, 3.784212829359331, 4.615970527266847, 3.38998051896741, 4.070669005879145, 11.937989744895011, 5.420892614448083, 3.0130330365448086]

C2 [9.846245642116621, 6.447188331941471, 6.933991177188773, 1.7665084546894618, 10.055188750223747, 6.182286052267328, 4.264180551343237, 4.108017255192708, 1.8698678295892297, 11.47920834181872, 0.3858127683921094, 3.41254688782576, 11.563541833010134, 0.6425683820765378, 0.5098573170165126, 3.963073704838026, 3.434516587425912, 1.7922973951644063, 8.114919672223982, 3.228183065655331]

OPOSICAO 

[1.0000000000000002, 0.63798712115307477, 4.5866527060355038, 0.34870779484026565, 1.1260319901576492, 0.088318886042255101, 0.68516644773270141, 1.0576747350015432, 0.36037077365934322, 0.6521204018333987, -1.4030440052738216, 0.28383673440648127, 0.37130814745230489, -0.84886765381640272, 0.50044549517037484, 0.021364024062963755, 1.9610179782772841, 0.69057261920859214, -0.22233572653596381]

INOVACAO (ASSIMETRIA)

[0.0, 0.55618961809349488, 0.48366839702361863, 0.51770160527327203, 0.52999770017835712, 1.0189859291707273, 2.1085271637332426, 0.056091349100109988, 2.7641675804460228, 1.3870519312507701, 0.073455464787954797, 1.1557549729406749, 1.2206009359258494, 0.92528202339218324, 1.1986720215293716, 0.21995052865939324, 0.17965210955600558, 1.0219117832838163, 1.6027512402276611]

DIALÉTICAS 

[0.046599167760915362, 2.5473640531091002, 0.067174322996256419, 1.7858327408904611, 0.39781394984598833, 2.3836114603838912, 0.99754687991871105, 0.1859447653690372, 0.5596746066557633, 1.1784802339689489, 0.23392261287341501, 0.45132416628651373, 0.29225672926680007, 1.0567883662510362, 0.43463638324794857, 0.15237878032077318, 0.5461467962968114, 0.74698326468124376]

PERTURBACAO

main_means [2.4174613242074452, 3.055521115424531, 2.5358064230306225, 3.8877074606808555, 2.5264529748430262, 2.844294945882218, 2.5939830679267879, 4.0108988353655324, 2.8552096566137126, 3.9443156997254483, 2.330974636806999, 4.6473158329259432, 2.953100456134814, 2.4092208974209783, 3.7341185633437024, 2.4283108127968522, 2.4189097838070484, 4.3700055265492139, 2.7425748055416914, 3.4581919780651988]

main_stds [1.1453737930781838, 1.4280435197488179, 1.198937719956378, 1.6411571866887984, 1.3328332678707115, 1.3831945706065258, 1.2437379793905123, 1.5881082173881087, 1.3184780574084971, 1.616210960853617, 1.0875920069902825, 1.5731436499393818, 1.3742046553045995, 1.1518268339499733, 1.5564319142704424, 1.2124051906935551, 1.152222992530519, 1.7223009729648138, 1.3142614388431375, 1.5743005183445553]

eigenvalues means [ 0.01021869 -0.00123285 -0.00537622 -0.01149233]

eigenvalues stds [ 0.0145463   0.00990239  0.00824078  0.00699269]
