*** arquivo_notas: notas_compositores.txt qtd_aleatorios: 8000000 std: 1.1

*** Dimensões da tabela de notas: (1327, 8)

*** Tabela geral de notas:
[[ 3.          8.          5.         ...,  5.          3.          7.        ]
 [ 2.          6.          9.         ...,  2.          1.          5.        ]
 [ 6.          4.          1.         ...,  7.          2.          2.        ]
 ..., 
 [ 3.11921745  7.05059234  6.37621397 ...,  5.55136327  3.54778205
   7.81030361]
 [ 8.12482688  7.62596287  5.91119602 ...,  4.83603324  8.14316953
   6.81617834]
 [ 6.76491522  4.74593539  4.58449903 ...,  6.31517777  6.10664154
   7.70560695]]

*** Matriz de covariância:
[[ 1.   -0.2  -0.06  0.69 -0.18  0.19  0.56 -0.16]
 [-0.2   1.   -0.14 -0.13  0.2  -0.48 -0.2   0.37]
 [-0.06 -0.14  1.   -0.23  0.26  0.05  0.46  0.03]
 [ 0.69 -0.13 -0.23  1.   -0.33  0.17  0.42 -0.06]
 [-0.18  0.2   0.26 -0.33  1.   -0.3   0.02 -0.22]
 [ 0.19 -0.48  0.05  0.17 -0.3   1.    0.26 -0.15]
 [ 0.56 -0.2   0.46  0.42  0.02  0.26  1.   -0.02]
 [-0.16  0.37  0.03 -0.06 -0.22 -0.15 -0.02  1.  ]]

*** Pearson (igual matriz covar.):
 ###TABLE III. Pearson correlation coefficients between the eight musical characteristics.
['1.0', '-0.2', '-0.06', '0.69', '-0.18', '0.19', '0.56', '-0.16']
['-0.2', '1.0', '-0.14', '-0.13', '0.2', '-0.48', '-0.2', '0.37']
['-0.06', '-0.14', '1.0', '-0.23', '0.26', '0.05', '0.46', '0.03']
['0.69', '-0.13', '-0.23', '1.0', '-0.33', '0.17', '0.42', '-0.06']
['-0.18', '0.2', '0.26', '-0.33', '1.0', '-0.3', '0.02', '-0.22']
['0.19', '-0.48', '0.05', '0.17', '-0.3', '1.0', '0.26', '-0.15']
['0.56', '-0.2', '0.46', '0.42', '0.02', '0.26', '1.0', '-0.02']
['-0.16', '0.37', '0.03', '-0.06', '-0.22', '-0.15', '-0.02', '1.0']

*** Autovetores (raw):
[[ 0.51 -0.1   0.28  0.26 -0.39  0.65  0.1  -0.01]
 [-0.35 -0.23  0.52  0.09 -0.07  0.03 -0.55  0.49]
 [ 0.04  0.65  0.22 -0.34 -0.48 -0.14 -0.3  -0.25]
 [ 0.47 -0.31  0.25  0.2  -0.21 -0.73  0.05 -0.04]
 [-0.16 -0.26  0.42 -0.65 -0.09  0.03  0.55  0.05]
 [ 0.43  0.32  0.4  -0.12  0.72  0.03 -0.06  0.09]
 [ 0.36  0.08 -0.42 -0.34 -0.17 -0.03 -0.03  0.74]
 [-0.24  0.49  0.18  0.47 -0.1  -0.13  0.53  0.38]]

*** Autovalores (raw):
[ 2.52  1.59  1.37  1.13  0.52  0.37  0.28  0.22]

*** Autovalores prop (raw):
[ 0.32  0.2   0.17  0.14  0.07  0.05  0.03  0.03]

*** Autovalores (var. %) ###TABLE IV### New variances after PCA, in percentages for scores on III.:
[32.0, 20.0, 17.0, 14.000000000000002, 7.0000000000000009, 5.0, 3.0, 3.0]

*** Dados finais:
[[-2.47499911 -3.37658579  0.89261093 ..., -2.22336551  0.65660304
   1.34810799]
 [ 0.42229416  0.81228335 -1.80838824 ...,  1.39270948  0.1180843
   0.81482048]
 [ 0.33824311 -0.41345936 -0.63959067 ...,  0.28236536  0.36708509
  -0.52119178]
 ..., 
 [ 0.13234683  0.00766171  0.64985804 ...,  0.17602414  0.34449806
  -0.57899391]
 [-0.0858682  -0.2341429   0.14437884 ...,  0.26090274 -0.08212631
   0.45014468]
 [ 0.13506594 -2.10480996 -1.94827579 ...,  0.07534166  1.3770952
   0.21925442]]

*** Componentes principais [T] (todos):
[-2.47499911 -3.37658579  0.89261093 ..., -2.22336551  0.65660304
  1.34810799] [ 0.42229416  0.81228335 -1.80838824 ...,  1.39270948  0.1180843
  0.81482048] [ 0.33824311 -0.41345936 -0.63959067 ...,  0.28236536  0.36708509
 -0.52119178] [-0.49152842 -1.91609605 -0.25535256 ..., -0.73184063 -0.16665768
  1.25265729]

*** Componentes principais [T] (somente originais):
[-2.47499911 -3.37658579  0.89261093 -0.2194623   0.57147243  0.93395613
  2.41139556] [ 0.42229416  0.81228335 -1.80838824 -1.18936616  0.35016408 -0.54386987
  1.90191829] [ 0.33824311 -0.41345936 -0.63959067  0.33827741 -0.09901812  0.48823
 -0.48776886] [-0.49152842 -1.91609605 -0.25535256  1.66275725  0.948653   -1.30751311
 -0.84803272]

*** Contribuições (autovetores) [P] (idem para todos e originais) ###TABLE VI.### Percentages of the contributions from each musical characteristic on the four new main axes.

C1 [19.784578288962823, 13.634553561213986, 1.4455493321890465, 18.355551596590551, 6.3132852642630066, 16.943693603454761, 14.133135957490436, 9.3896523958353875]
C2 [4.0429956472803683, 9.2177646664517798, 26.624617265782135, 12.820156461523736, 10.73194805830941, 13.283019096286989, 3.2696740233762371, 20.009824780989344]
C3 [10.389474538758984, 19.173005789171523, 8.2679612423544864, 9.2971525984754653, 15.487108253801827, 15.038517308754798, 15.589198415321215, 6.7575818533616996]
C4 [10.608564282989962, 3.5543625604082765, 13.97456360146391, 8.0258252682563747, 26.298586358675603, 4.8498210809527134, 13.801331881072908, 18.886944966180256]
C5 [17.550162825458042, 3.1308892214098027, 21.713984696327802, 9.3723657287958098, 4.0413318750429124, 32.250440253015817, 7.4871220181501279, 4.4537033817996985]
C6 [36.604479010457432, 1.6581728594725171, 7.7681241126825462, 40.951522720527116, 1.868167893930214, 1.7009542651656311, 1.8885424338834711, 7.5600367038810612]
C7 [4.4164997461561777, 25.555543815891003, 13.989861549964136, 2.1277243893997873, 25.296927810996365, 2.6232716802613161, 1.3610737776108532, 24.629097229720355]
C8 [0.63121839280284109, 24.056695197237076, 12.200666700778005, 2.0364545216035705, 2.3502947231440583, 4.3714200385295889, 35.9921534468141, 18.361096979090757]
princ_orig [[-2.47499911  0.42229416  0.33824311 -0.49152842  0.55602956  0.13234683
  -0.0858682   0.13506594]
 [-3.37658579  0.81228335 -0.41345936 -1.91609605 -1.06080045  0.00766171
  -0.2341429  -2.10480996]
 [ 0.89261093 -1.80838824 -0.63959067 -0.25535256  2.0061061   0.64985804
   0.14437884 -1.94827579]
 [-0.2194623  -1.18936616  0.33827741  1.66275725 -0.55891938 -0.26131953
  -0.05041894  0.51683202]
 [ 0.57147243  0.35016408 -0.09901812  0.948653    0.48280474 -0.34680731
   0.05687225  0.20802265]
 [ 0.93395613 -0.54386987  0.48823    -1.30751311 -1.357457    0.35511444
   0.09636822  0.79938967]
 [ 2.41139556  1.90191829 -0.48776886 -0.84803272 -0.20543597 -0.26411733
  -0.06019284  0.28115171]]
princ [[-2.47499911  0.42229416  0.33824311 ...,  0.13234683 -0.0858682
   0.13506594]
 [-3.37658579  0.81228335 -0.41345936 ...,  0.00766171 -0.2341429
  -2.10480996]
 [ 0.89261093 -1.80838824 -0.63959067 ...,  0.64985804  0.14437884
  -1.94827579]
 ..., 
 [-2.22336551  1.39270948  0.28236536 ...,  0.17602414  0.26090274
   0.07534166]
 [ 0.65660304  0.1180843   0.36708509 ...,  0.34449806 -0.08212631
   1.3770952 ]
 [ 1.34810799  0.81482048 -0.52119178 ..., -0.57899391  0.45014468
   0.21925442]]

###TABLE VII. TABLE VIII###.


*** Oposição:
[1.0, 1.0196960935785004, 0.49917806021600458, 0.26695483265641767, 0.45825981682401595, 0.25169751361213655]

*** Inovação:
[0.0, 1.9042931825297751, 2.8665749291658389, 1.749575185576425, 2.6844949816411576, 3.1348605701032026]

*** Dialéticas:
[2.8024692736040731, 1.9964678300292353, 0.56124813888307779, 1.0990069056962704, 0.030902540884228481]

*** Dialéticas 2d:
[4.4676022564237439, 1.2330983528649111, 0.69406620079529513, 0.23582733679662046, 1.2290822617212851]

*** Dialéticas Todos (8d):
[2.0586988723107251, 1.2020901616344517, 1.0769293271873384, 0.25188093614164669, 0.25498464708159746]
dados [[-0.05836432 -1.31750808  0.7053773  ...,  0.8746125  -0.98353532
  -0.1362908 ]
 [-1.10342968  0.15832842  1.47146785 ..., -0.05350934 -0.04521439
  -1.9748756 ]
 [-0.54274202 -0.84361597  1.22579541 ...,  1.71051281  1.7284166
  -0.59304524]
 ..., 
 [-0.01098358 -1.16885435 -0.85950681 ..., -0.15539824 -0.06975122
  -0.01082562]
 [-1.04598047 -0.85295806  0.45378411 ...,  1.02768257  2.42758223
   0.91283869]
 [-1.16751228  0.17990758  1.20340238 ..., -0.67525503  0.19654755
  -1.29742404]]
###TABLE V.### Average and standard deviation of the deviations for each composer and for the 8 eigenvalues.
main_means [3.7347030067510758, 5.3561454352292346, 4.4319221976651955, 3.4987081023237714, 3.0449890174841245, 3.6339240064152722, 4.2143761974707505]
main_stds [0.85039259803475264, 0.93793988237654424, 0.89115885671521478, 0.78518666768846912, 0.69996599010894622, 0.79608475152664882, 0.90296238857191446]
eigenvalues means [-0.17596732 -0.06438858 -0.04110665 -0.01444517  0.057863    0.07360771
  0.08090197  0.08353503]
eigenvalues stds [ 0.00458612  0.00265538  0.0021772   0.00190271  0.00213078  0.00230709
  0.00270892  0.00302515]
