

CONSEGUIMOS OS DADOS *******


35


*** ALEATORIOS ***



Matriz de covariância:
[[ 1.   -0.1   0.06 -0.22 -0.11  0.37 -0.06  0.42]
 [-0.1   1.   -0.19  0.14 -0.2   0.05 -0.11  0.19]
 [ 0.06 -0.19  1.   -0.04  0.31  0.02  0.23  0.08]
 [-0.22  0.14 -0.04  1.   -0.15  0.03  0.31 -0.01]
 [-0.11 -0.2   0.31 -0.15  1.    0.25  0.08 -0.34]
 [ 0.37  0.05  0.02  0.03  0.25  1.    0.33  0.43]
 [-0.06 -0.11  0.23  0.31  0.08  0.33  1.    0.02]
 [ 0.42  0.19  0.08 -0.01 -0.34  0.43  0.02  1.  ]]

Matriz de correlação de Pearson:
[[ 1.   -0.1   0.06 -0.22 -0.11  0.37 -0.06  0.42]
 [-0.1   1.   -0.19  0.14 -0.2   0.05 -0.11  0.19]
 [ 0.06 -0.19  1.   -0.04  0.31  0.02  0.23  0.08]
 [-0.22  0.14 -0.04  1.   -0.15  0.03  0.31 -0.01]
 [-0.11 -0.2   0.31 -0.15  1.    0.25  0.08 -0.34]
 [ 0.37  0.05  0.02  0.03  0.25  1.    0.33  0.43]
 [-0.06 -0.11  0.23  0.31  0.08  0.33  1.    0.02]
 [ 0.42  0.19  0.08 -0.01 -0.34  0.43  0.02  1.  ]]

Autovalores:
[ 0.23  0.21  0.18  0.12  0.1   0.07  0.06  0.03]

Variância dos Autovalores:
0.01

Soma dos dois primeiros:
0.45


*** ORIGINAIS ***



Matriz de covariância:
[[ 1.    0.62 -0.62 -0.93 -0.89  0.73 -0.14  0.92]
 [ 0.62  1.   -0.99 -0.33 -0.19  0.99 -0.84  0.37]
 [-0.62 -0.99  1.    0.33  0.2  -0.98  0.84 -0.36]
 [-0.93 -0.33  0.33  1.    0.98 -0.48 -0.16 -0.98]
 [-0.89 -0.19  0.2   0.98  1.   -0.34 -0.3  -0.95]
 [ 0.73  0.99 -0.98 -0.48 -0.34  1.   -0.76  0.51]
 [-0.14 -0.84  0.84 -0.16 -0.3  -0.76  1.    0.14]
 [ 0.92  0.37 -0.36 -0.98 -0.95  0.51  0.14  1.  ]]

Matriz de correlação de Pearson:
[[ 1.    0.62 -0.62 -0.93 -0.89  0.73 -0.14  0.92]
 [ 0.62  1.   -0.99 -0.33 -0.19  0.99 -0.84  0.37]
 [-0.62 -0.99  1.    0.33  0.2  -0.98  0.84 -0.36]
 [-0.93 -0.33  0.33  1.    0.98 -0.48 -0.16 -0.98]
 [-0.89 -0.19  0.2   0.98  1.   -0.34 -0.3  -0.95]
 [ 0.73  0.99 -0.98 -0.48 -0.34  1.   -0.76  0.51]
 [-0.14 -0.84  0.84 -0.16 -0.3  -0.76  1.    0.14]
 [ 0.92  0.37 -0.36 -0.98 -0.95  0.51  0.14  1.  ]]

Autovalores:
[ 0.64  0.35  0.01  0.01  0.    0.    0.   -0.  ]

Variância dos Autovalores:
0.05

Soma dos dois primeiros:
0.99
