*** arquivo_notas: notas_compositores.txt qtd_aleatorios: 8000000 std: 1.1

*** Dimensões da tabela de notas: (1250, 8)

*** Tabela geral de notas:
[[ 3.          8.          5.         ...,  5.          3.          7.        ]
 [ 2.          6.          9.         ...,  2.          1.          5.        ]
 [ 6.          4.          1.         ...,  7.          2.          2.        ]
 ..., 
 [ 1.48181543  8.01029314  7.22954936 ...,  4.39748822  3.12689572
   8.10131276]
 [ 4.66298758  7.63409739  2.61093267 ...,  5.21843949  4.14141289
   8.18704012]
 [ 4.23871484  8.04168736  5.66653333 ...,  3.65964535  1.96632467
   6.87940102]]

*** Matriz de covariância:
[[ 1.   -0.18 -0.09  0.72 -0.18  0.19  0.54 -0.15]
 [-0.18  1.   -0.13 -0.16  0.18 -0.5  -0.2   0.34]
 [-0.09 -0.13  1.   -0.2   0.25  0.05  0.44  0.04]
 [ 0.72 -0.16 -0.2   1.   -0.38  0.19  0.43 -0.03]
 [-0.18  0.18  0.25 -0.38  1.   -0.27 -0.   -0.25]
 [ 0.19 -0.5   0.05  0.19 -0.27  1.    0.29 -0.12]
 [ 0.54 -0.2   0.44  0.43 -0.    0.29  1.   -0.01]
 [-0.15  0.34  0.04 -0.03 -0.25 -0.12 -0.01  1.  ]]

*** Pearson (igual matriz covar.):
 ###TABLE III. Pearson correlation coefficients between the eight musical characteristics.
['1.0', '-0.18', '-0.09', '0.72', '-0.18', '0.19', '0.54', '-0.15']
['-0.18', '1.0', '-0.13', '-0.16', '0.18', '-0.5', '-0.2', '0.34']
['-0.09', '-0.13', '1.0', '-0.2', '0.25', '0.05', '0.44', '0.04']
['0.72', '-0.16', '-0.2', '1.0', '-0.38', '0.19', '0.43', '-0.03']
['-0.18', '0.18', '0.25', '-0.38', '1.0', '-0.27', '-0.0', '-0.25']
['0.19', '-0.5', '0.05', '0.19', '-0.27', '1.0', '0.29', '-0.12']
['0.54', '-0.2', '0.44', '0.43', '-0.0', '0.29', '1.0', '-0.01']
['-0.15', '0.34', '0.04', '-0.03', '-0.25', '-0.12', '-0.01', '1.0']

*** Autovetores (raw):
[[ 0.5  -0.13  0.25  0.33 -0.54  0.51  0.13  0.03]
 [-0.34 -0.28  0.5   0.13 -0.11 -0.07 -0.6   0.41]
 [ 0.03  0.61  0.34 -0.32 -0.44 -0.21 -0.23 -0.35]
 [ 0.49 -0.31  0.18  0.19  0.02 -0.76  0.07 -0.1 ]
 [-0.12 -0.32  0.42 -0.63 -0.07  0.02  0.54  0.14]
 [ 0.43  0.3   0.44 -0.07  0.67  0.23 -0.1   0.13]
 [ 0.37  0.15 -0.38 -0.36 -0.21 -0.12 -0.15  0.7 ]
 [-0.26  0.47  0.18  0.45 -0.05 -0.21  0.5   0.42]]

*** Autovalores (raw):
[ 2.55  1.58  1.33  1.14  0.52  0.38  0.25  0.24]

*** Autovalores prop (raw):
[ 0.32  0.2   0.17  0.14  0.07  0.05  0.03  0.03]

*** Autovalores (var. %) ###TABLE IV### New variances after PCA, in percentages for scores on III.:
[32.0, 20.0, 17.0, 14.000000000000002, 7.0000000000000009, 5.0, 3.0, 3.0]

*** Dados finais:
[[-2.38072331 -3.25246889  1.02571574 ..., -2.96497903 -0.68356031
  -2.82570315]
 [ 0.27402205  0.61107993 -1.84826098 ...,  1.60737915 -0.06969535
   0.11660306]
 [ 0.49024263 -0.05433919 -0.86518052 ...,  0.19378153 -0.21603968
   0.60066055]
 ..., 
 [ 0.19331523 -0.07299201  1.37942867 ..., -0.59479647 -0.82604884
   0.69890866]
 [-0.05690829  0.17629468  0.2548606  ..., -0.58351134 -0.12199756
   0.14541161]
 [ 0.14010162 -2.29129909 -1.76991079 ..., -0.11958359  0.72102976
  -0.31894928]]

*** Componentes principais [T] (todos):
[-2.38072331 -3.25246889  1.02571574 ..., -2.96497903 -0.68356031
 -2.82570315] [ 0.27402205  0.61107993 -1.84826098 ...,  1.60737915 -0.06969535
  0.11660306] [ 0.49024263 -0.05433919 -0.86518052 ...,  0.19378153 -0.21603968
  0.60066055] [-0.537534   -2.059834   -0.33954689 ..., -0.2505771   1.72338167
 -0.48443136]

*** Componentes principais [T] (somente originais):
[-2.38072331 -3.25246889  1.02571574 -0.17443063  0.60776907  1.09176184
  2.48385153] [ 0.27402205  0.61107993 -1.84826098 -1.20630112  0.40684816 -0.58885701
  2.05314325] [ 0.49024263 -0.05433919 -0.86518052  0.07300214 -0.15021283  0.49810481
 -0.25239749] [-0.537534   -2.059834   -0.33954689  1.63060144  0.89346609 -1.32454515
 -0.92235905]

*** Contribuições (autovetores) [P] (idem para todos e originais) ###TABLE VI.### Percentages of the contributions from each musical characteristic on the four new main axes.

C1 [19.621050807994635, 13.465714847639973, 1.1767546154746729, 19.364139056438546, 4.8726545655404747, 16.927187357137189, 14.453528663538535, 10.118970086235986]
C2 [5.0877882678741599, 10.953163470035943, 23.708133681097397, 11.947000200467963, 12.330327523984854, 11.526503183027154, 6.0216463059571002, 18.425437367555432]
C3 [9.1961276581187317, 18.645785279454149, 12.500161675212212, 6.7970391868566713, 15.537043229326313, 16.247438894321732, 14.241955529725377, 6.8344485469848015]
C4 [13.180848329970255, 5.2113008964342402, 12.976502267035606, 7.7001059061288473, 25.195270006411558, 2.9922699234992476, 14.550167069268483, 18.193535601251774]
C5 [25.699581163167007, 5.4324279344533171, 20.734536700279214, 0.84706049690360441, 3.3770217308867743, 31.984235030264024, 9.7438269862028921, 2.1813099578431805]
C6 [23.844608523570638, 3.1471323702902536, 10.017213420187463, 35.700760478017237, 1.086955498378499, 10.788534766947219, 5.7152270494629205, 9.699567893145753]
C7 [5.4040680531728915, 25.740243314579704, 9.7295723873943718, 3.2006298929253405, 23.333325511373477, 4.5266262209172101, 6.6580719861230628, 21.407462633513955]
C8 [1.4018138255659132, 17.823202516863493, 15.426828351955702, 4.4186059488846867, 6.1805213045856382, 5.5098442592601398, 30.575335815572597, 18.663847977311825]
princ_orig [[-2.38072331  0.27402205  0.49024263 -0.537534    0.40943814  0.19331523
  -0.05690829  0.14010162]
 [-3.25246889  0.61107993 -0.05433919 -2.059834   -1.05143896 -0.07299201
   0.17629468 -2.29129909]
 [ 1.02571574 -1.84826098 -0.86518052 -0.33954689  1.83090992  1.37942867
   0.2548606  -1.76991079]
 [-0.17443063 -1.20630112  0.07300214  1.63060144 -0.49953809 -0.57470412
  -0.01291272  0.46616156]
 [ 0.60776907  0.40684816 -0.15021283  0.89346609  0.50117831 -0.2633763
   0.05197004  0.20358071]
 [ 1.09176184 -0.58885701  0.49810481 -1.32454515 -1.51766476 -0.07492852
   0.03500867  0.75431426]
 [ 2.48385153  2.05314325 -0.25239749 -0.92235905 -0.26784298 -0.23533685
  -0.11647551  0.18870959]]
princ [[-2.38072331  0.27402205  0.49024263 ...,  0.19331523 -0.05690829
   0.14010162]
 [-3.25246889  0.61107993 -0.05433919 ..., -0.07299201  0.17629468
  -2.29129909]
 [ 1.02571574 -1.84826098 -0.86518052 ...,  1.37942867  0.2548606
  -1.76991079]
 ..., 
 [-2.96497903  1.60737915  0.19378153 ..., -0.59479647 -0.58351134
  -0.11958359]
 [-0.68356031 -0.06969535 -0.21603968 ..., -0.82604884 -0.12199756
   0.72102976]
 [-2.82570315  0.11660306  0.60066055 ...,  0.69890866  0.14541161
  -0.31894928]]

###TABLE VII. TABLE VIII###.


*** Oposição:
[1.0, 1.0183049805483391, 0.51143375348417752, 0.26594987965330374, 0.46134928415250614, 0.24299188004259983]

*** Inovação:
[0.0, 1.9682707245096314, 2.8660255028702109, 1.7775383649273311, 2.7303072223978773, 3.1829912985445556]

*** Dialéticas:
[2.6730518807161796, 1.8718582278259173, 0.67742852672681753, 1.1102041014531436, 0.020577096951281872]

*** Dialéticas 2d:
[4.4098936280520551, 1.1069304303165128, 0.75166451244510979, 0.2116265349816227, 1.2140267735866594]

*** Dialéticas Todos (8d):
[1.9778217323487481, 1.0994641700032344, 1.1709818842498494, 0.28892464660791356, 0.21355742846240236]
dados [[ 0.47609069  1.46187773 -0.49411063 ...,  0.14274411  0.71205358
  -0.95060653]
 [-0.97710837  1.16270431  0.3938067  ..., -0.8151637  -0.98316399
  -0.91006735]
 [-0.23970094  1.19638255 -1.18681733 ..., -1.65258129 -0.09181257
   1.15491263]
 ..., 
 [-0.2703268   0.50744766 -0.10284871 ..., -0.67530134 -0.24616641
  -1.90041224]
 [ 2.20108342  0.26555417 -0.19315302 ..., -1.38522237  1.1760873
   0.57079617]
 [-0.59237983  0.46606661  0.04878787 ..., -1.82851172  1.08302829
   1.66447191]]
###TABLE V.### Average and standard deviation of the deviations for each composer and for the 8 eigenvalues.
main_means [3.6495435847897273, 5.4137622705003778, 4.5444654154467132, 3.5051874613525915, 2.999458076782024, 3.6738981987000257, 4.3166435203309899]
main_stds [0.84303306718200866, 0.92173272860594346, 0.88593329030372558, 0.76487484522813631, 0.67097350568091996, 0.81176695386975262, 0.89932201896677455]
eigenvalues means [-0.1795627  -0.0633842  -0.03648337 -0.01582285  0.05765308  0.0722132
  0.08430169  0.08108516]
eigenvalues stds [ 0.00458568  0.00257223  0.00220576  0.00197625  0.00222783  0.00241929
  0.00269797  0.00303598]
