
*** Dimensões da tabela de notas: (1500, 8)

*** Tabela geral de notas:
[[ 3.          8.          5.         ...,  5.          3.          7.        ]
 [ 2.          6.          9.         ...,  2.          1.          5.        ]
 [ 6.          4.          1.         ...,  7.          2.          2.        ]
 ..., 
 [ 7.95882876  7.39745211  4.18151062 ...,  5.7475614   8.05145771
   2.24320661]
 [ 6.06953043  7.13746721  5.31999912 ...,  4.71884975  1.47901832
   7.10286751]
 [ 5.18366695  6.49111791  4.1969497  ...,  6.15629698  5.75751876
   8.18946795]]

*** Matriz de covariância:
[[ 1.   -0.14 -0.09  0.52 -0.13  0.13  0.39 -0.12]
 [-0.14  1.   -0.01 -0.16  0.16 -0.36 -0.09  0.25]
 [-0.09 -0.01  1.   -0.2   0.21 -0.06  0.35  0.09]
 [ 0.52 -0.16 -0.2   1.   -0.3   0.16  0.34  0.  ]
 [-0.13  0.16  0.21 -0.3   1.   -0.19  0.01 -0.14]
 [ 0.13 -0.36 -0.06  0.16 -0.19  1.    0.14 -0.09]
 [ 0.39 -0.09  0.35  0.34  0.01  0.14  1.    0.03]
 [-0.12  0.25  0.09  0.   -0.14 -0.09  0.03  1.  ]]

*** Pearson (igual matriz covar.):
 ###TABLE III. Pearson correlation coefficients between the eight musical characteristics.
['1.0', '-0.14', '-0.09', '0.52', '-0.13', '0.13', '0.39', '-0.12']
['-0.14', '1.0', '-0.01', '-0.16', '0.16', '-0.36', '-0.09', '0.25']
['-0.09', '-0.01', '1.0', '-0.2', '0.21', '-0.06', '0.35', '0.09']
['0.52', '-0.16', '-0.2', '1.0', '-0.3', '0.16', '0.34', '0.0']
['-0.13', '0.16', '0.21', '-0.3', '1.0', '-0.19', '0.01', '-0.14']
['0.13', '-0.36', '-0.06', '0.16', '-0.19', '1.0', '0.14', '-0.09']
['0.39', '-0.09', '0.35', '0.34', '0.01', '0.14', '1.0', '0.03']
['-0.12', '0.25', '0.09', '0.0', '-0.14', '-0.09', '0.03', '1.0']

*** Autovetores (raw):
[[ 0.5  -0.16 -0.15 -0.37 -0.05  0.07  0.03 -0.74]
 [-0.34 -0.16 -0.52 -0.24 -0.38 -0.6   0.17  0.01]
 [-0.1  -0.65  0.22  0.33  0.3  -0.14  0.52 -0.14]
 [ 0.52 -0.   -0.3  -0.18  0.03  0.18  0.52  0.54]
 [-0.3  -0.35  0.32 -0.42 -0.5   0.49  0.08  0.11]
 [ 0.35  0.16  0.33  0.44 -0.69 -0.22  0.17 -0.06]
 [-0.11 -0.14 -0.59  0.54 -0.2   0.51 -0.07 -0.14]
 [ 0.36 -0.59 -0.02  0.05 -0.06 -0.18 -0.62  0.31]]

*** Autovalores (raw):
[ 2.14  1.44  1.29  1.06  0.68  0.56  0.45  0.39]

*** Autovalores prop (raw):
[ 0.27  0.18  0.16  0.13  0.08  0.07  0.06  0.05]

*** Autovalores (var. %) ###TABLE IV### New variances after PCA, in percentages for scores on III.:
[27.0, 18.0, 16.0, 13.0, 8.0, 7.0000000000000009, 6.0, 5.0]

*** Dados finais:
[[-1.89093863 -3.25393488  0.24819997 ..., -0.78308507  1.02195975
   0.76997988]
 [-0.61864952 -1.3465978   2.85247792 ...,  0.46876227 -0.06105546
  -0.71743463]
 [ 0.77535711  2.24831588  1.34460977 ..., -1.12113569 -0.24860647
  -0.51251088]
 ..., 
 [-1.14614104 -0.5130461   0.60166394 ...,  1.26381258 -1.78100965
   0.15492521]
 [-0.81119238  0.26457516  0.4260462  ...,  1.31523123  0.28590738
  -0.21837604]
 [ 0.6382276   0.39629791 -0.33896631 ..., -1.50240972  0.60422869
   1.1756314 ]]

*** Componentes principais [T] (todos):
[-1.89093863 -3.25393488  0.24819997 ..., -0.78308507  1.02195975
  0.76997988] [-0.61864952 -1.3465978   2.85247792 ...,  0.46876227 -0.06105546
 -0.71743463] [ 0.77535711  2.24831588  1.34460977 ..., -1.12113569 -0.24860647
 -0.51251088] [-0.28203037 -0.58808951 -0.896109   ..., -0.32058529 -0.63105579
  0.09374513]

*** Componentes principais [T] (somente originais):
[-1.89093863 -3.25393488  0.24819997  0.64880624  0.95509056 -0.25273762
  1.1947326 ] [-0.61864952 -1.3465978   2.85247792  0.09888391  0.13282619 -1.16590382
 -0.98504544] [ 0.77535711  2.24831588  1.34460977 -1.38575312 -0.3066707  -0.98348377
 -0.0725602 ] [-0.28203037 -0.58808951 -0.896109   -1.43335889  0.34761664 -0.33116331
  2.31616852]

*** Contribuições (autovetores) [P] (idem para todos e originais) ###TABLE VI.### Percentages of the contributions from each musical characteristic on the four new main axes.

C1 [19.3324615580146, 13.070072208745609, 3.7730592453985521, 20.334065524901014, 11.626342502241485, 13.469514840456762, 4.4223341572593675, 13.972149962982607]
C2 [7.3171533715440553, 7.2397334172443468, 29.2425238456896, 0.070016738512307899, 15.828136992687677, 7.2306808520432879, 6.4471017190363442, 26.624653063242388]
C3 [6.007683818979678, 21.200321842120527, 9.1370866453365736, 12.358172753077477, 12.97315903133042, 13.411781340523667, 24.087208536269991, 0.82458603236165806]
C4 [14.559498635113139, 9.3622782863070331, 12.812429329820265, 7.0994134745294053, 16.370639301857434, 17.039577125445064, 20.984048242583274, 1.7721156043443855]
princ_orig [[-1.89093863 -0.61864952  0.77535711 -0.28203037]
 [-3.25393488 -1.3465978   2.24831588 -0.58808951]
 [ 0.24819997  2.85247792  1.34460977 -0.896109  ]
 [ 0.64880624  0.09888391 -1.38575312 -1.43335889]
 [ 0.95509056  0.13282619 -0.3066707   0.34761664]
 [-0.25273762 -1.16590382 -0.98348377 -0.33116331]
 [ 1.1947326  -0.98504544 -0.0725602   2.31616852]]
princ [[-1.89093863 -0.61864952  0.77535711 -0.28203037]
 [-3.25393488 -1.3465978   2.24831588 -0.58808951]
 [ 0.24819997  2.85247792  1.34460977 -0.896109  ]
 ..., 
 [-0.78308507  0.46876227 -1.12113569 -0.32058529]
 [ 1.02195975 -0.06105546 -0.24860647 -0.63105579]
 [ 0.76997988 -0.71743463 -0.51251088  0.09374513]]

###TABLE VII. TABLE VIII###.


*** Oposição:
[1.0, 1.1160576456949662, 0.463892987471204, 0.2608647974453126, 0.31856570080662883, 0.33541579653169612]

*** Inovação:
[2.7638177335302571e-08, 1.0675631606603611, 2.8011313798749558, 1.6597108425965856, 1.6224547310960742, 2.9685999153016982]

*** Dialéticas:
[3.1259693646695168, 1.4192668407443154, 0.98322884898316187, 0.065376369003851881, 1.1728406311062025]
[ 1.          0.44236214  0.29989367  0.          0.3618463 ]
dados [[ 1.13432886 -0.67585776  0.55416793 ...,  1.08936178 -0.5034057
   1.1422149 ]
 [-1.63669116  0.52278201 -0.4745068  ..., -1.2250507   2.24063685
  -0.53395135]
 [-1.00581592 -1.93064216 -1.63175962 ...,  1.18374856 -0.26010713
  -0.28438017]
 ..., 
 [ 0.50798926  0.50482367  1.67271685 ..., -0.37348238  1.45480099
  -0.69486393]
 [-2.24471533  0.78962105  0.27583228 ...,  1.39523153  0.40723797
   1.6896223 ]
 [-1.66881173  0.49327737 -2.26655627 ..., -1.48775173 -1.66317641
   0.32773486]]
###TABLE V.### Average and standard deviation of the deviations for each composer and for the first 4 eigenvalues.
main_means [2.2836625299825535, 3.6811412989487784, 3.0427572395177673, 1.411777652071823, 1.5417694329499638, 1.6555053395991124, 1.9301310298895804]
main_stds [0.92824244963582114, 1.0368245961700631, 0.99304672282703876, 0.73154607042050146, 0.77741061215223517, 0.82292101341324864, 0.8828188180943215]
eigenvalues means [-0.12988908 -0.04593023 -0.03081899 -0.00601414]
eigenvalues stds [ 0.00368119  0.00237832  0.00215476  0.00177977]
