*** arquivo_notas: notas_compositores.txt qtd_aleatorios: 8000000 std: 1.1

*** Dimensões da tabela de notas: (1240, 8)

*** Tabela geral de notas:
[[ 3.          8.          5.         ...,  5.          3.          7.        ]
 [ 2.          6.          9.         ...,  2.          1.          5.        ]
 [ 6.          4.          1.         ...,  7.          2.          2.        ]
 ..., 
 [ 3.42961517  6.5384972   5.01782954 ...,  6.24677344  4.58690801
   8.54895419]
 [ 6.39305326  4.23805731  3.19523975 ...,  5.25186533  4.71268768
   8.78948963]
 [ 5.45806343  4.71392412  1.83164848 ...,  6.75263159  1.88935801
   2.07909531]]

*** Matriz de covariância:
[[ 1.   -0.14 -0.08  0.68 -0.19  0.21  0.55 -0.14]
 [-0.14  1.   -0.15 -0.16  0.19 -0.51 -0.19  0.35]
 [-0.08 -0.15  1.   -0.21  0.26  0.06  0.45  0.04]
 [ 0.68 -0.16 -0.21  1.   -0.37  0.21  0.43  0.  ]
 [-0.19  0.19  0.26 -0.37  1.   -0.26 -0.02 -0.24]
 [ 0.21 -0.51  0.06  0.21 -0.26  1.    0.29 -0.16]
 [ 0.55 -0.19  0.45  0.43 -0.02  0.29  1.   -0.01]
 [-0.14  0.35  0.04  0.   -0.24 -0.16 -0.01  1.  ]]

*** Pearson (igual matriz covar.):
 ###TABLE III. Pearson correlation coefficients between the eight musical characteristics.
['1.0', '-0.14', '-0.08', '0.68', '-0.19', '0.21', '0.55', '-0.14']
['-0.14', '1.0', '-0.15', '-0.16', '0.19', '-0.51', '-0.19', '0.35']
['-0.08', '-0.15', '1.0', '-0.21', '0.26', '0.06', '0.45', '0.04']
['0.68', '-0.16', '-0.21', '1.0', '-0.37', '0.21', '0.43', '0.0']
['-0.19', '0.19', '0.26', '-0.37', '1.0', '-0.26', '-0.02', '-0.24']
['0.21', '-0.51', '0.06', '0.21', '-0.26', '1.0', '0.29', '-0.16']
['0.55', '-0.19', '0.45', '0.43', '-0.02', '0.29', '1.0', '-0.01']
['-0.14', '0.35', '0.04', '0.0', '-0.24', '-0.16', '-0.01', '1.0']

*** Autovetores (raw):
[[ 0.49 -0.15  0.23  0.35 -0.36  0.66 -0.03 -0.04]
 [-0.34 -0.32  0.46  0.18 -0.13 -0.19 -0.44 -0.54]
 [ 0.03  0.59  0.39 -0.31 -0.51 -0.14  0.28 -0.19]
 [ 0.48 -0.33  0.14  0.19 -0.22 -0.68  0.11  0.29]
 [ 0.43  0.25  0.46 -0.03  0.71 -0.03 -0.07 -0.14]
 [-0.12 -0.34  0.43 -0.61 -0.02  0.2  -0.15  0.5 ]
 [ 0.38  0.19 -0.34 -0.33 -0.18 -0.08 -0.74 -0.07]
 [-0.26  0.45  0.2   0.48 -0.04 -0.04 -0.37  0.56]]

*** Autovalores (raw):
[ 2.55  1.6   1.35  1.1   0.51  0.37  0.27  0.23]

*** Autovalores prop (raw):
[ 0.32  0.2   0.17  0.14  0.06  0.05  0.03  0.03]

*** Autovalores (var. %) ###TABLE IV### New variances after PCA, in percentages for scores on III.:
[32.0, 20.0, 17.0, 14.000000000000002, 6.0, 5.0, 3.0, 3.0]

*** Dados finais:
[[-1.89934938 -1.48688311  0.4794445  ..., -1.86130674 -0.47712301
   0.32854288]
 [ 0.92041887  2.74480376 -2.14556699 ...,  1.32230121  0.2694398
  -2.36150628]
 [ 0.56030722  0.2015074  -0.93477452 ...,  0.17397578 -1.17084032
  -0.84865436]
 ..., 
 [-0.17070381 -0.46648014  0.94383678 ...,  0.25970599  0.35748343
   0.05623005]
 [-0.10749431  2.20110885  1.78291276 ..., -0.65942467 -0.05467235
   1.89205542]
 [-0.87182202 -2.28249909  0.21453413 ...,  0.45098734  1.81850001
   0.20162593]]

*** Componentes principais [T] (todos):
[-1.89934938 -1.48688311  0.4794445  ..., -1.86130674 -0.47712301
  0.32854288] [ 0.92041887  2.74480376 -2.14556699 ...,  1.32230121  0.2694398
 -2.36150628] [ 0.56030722  0.2015074  -0.93477452 ...,  0.17397578 -1.17084032
 -0.84865436] [ 0.01634464 -0.2984723  -0.91275775 ..., -0.29170144  1.06137217
 -0.76720706]

*** Componentes principais [T] (somente originais):
[-1.89934938 -1.48688311  0.4794445  -0.03118248 -0.24838764  1.96312898
  1.32427011] [ 0.92041887  2.74480376 -2.14556699 -0.97750091 -0.41337853  0.39338455
  0.88989065] [ 0.56030722  0.2015074  -0.93477452 -0.06689896 -0.18272368  0.65249423
 -0.04952578] [ 0.01634464 -0.2984723  -0.91275775  1.83365379  0.10676656 -0.2497663
 -1.9140698 ]

*** Contribuições (autovetores) [P] (idem para todos e originais) ###TABLE VI.### Percentages of the contributions from each musical characteristic on the four new main axes.

C1 [19.250005026152785, 13.300903314172597, 1.3278672268481349, 18.821534733694556, 17.072560762124279, 4.7906747899353537, 15.08723136531081, 10.349222781761481]
C2 [5.6917641933066214, 12.207669770409927, 22.650061047356971, 12.678918987194098, 9.5668780964962963, 12.914672322637191, 7.1525606603900131, 17.137474922208877]
C3 [8.4888229439830649, 17.322719822470638, 14.683704130634471, 5.3937813792638263, 17.385278537568361, 16.227236347475792, 12.863638897929283, 7.6348179406745658]
C4 [14.233791328429691, 7.2407813725711074, 12.500814416090494, 7.4972569554665709, 1.1839889628324682, 24.689553063672683, 13.154552629822552, 19.499261271114428]
C5 [16.614756031568881, 5.9765370882386346, 23.542473595163788, 10.021944997534957, 32.800487681445425, 1.0794263666858008, 8.1793070364409584, 1.7850672029215469]
C6 [32.562104993734209, 9.6248345669662392, 6.984412740880301, 33.722282080223373, 1.3376173837344818, 9.9439882861393567, 3.957586708083253, 1.8671732402388037]
C7 [1.1572845906646396, 20.182096741063159, 12.78437745991492, 5.0802985769780467, 3.1533157974386423, 6.6748530519785545, 33.981783406714285, 16.985990375247756]
C8 [1.5053922513722662, 23.090647727316625, 8.3586668062726002, 12.449391516215377, 5.9494194023206983, 21.374814959927697, 3.1981679695136358, 24.073499367061103]
princ_orig [[-1.89934938  0.92041887  0.56030722  0.01634464  1.32284587 -0.17070381
  -0.10749431 -0.87182202]
 [-1.48688311  2.74480376  0.2015074  -0.2984723   1.46872817 -0.46648014
   2.20110885 -2.28249909]
 [ 0.4794445  -2.14556699 -0.93477452 -0.91275775  1.44476425  0.94383678
   1.78291276  0.21453413]
 [-0.03118248 -0.97750091 -0.06689896  1.83365379 -0.31361504 -0.46370783
  -0.37781323 -0.12661457]
 [-0.24838764 -0.41337853 -0.18272368  0.10676656 -0.57412282 -0.07626142
  -0.22129531  0.96015324]
 [ 1.96312898  0.39338455  0.65249423 -0.2497663  -0.12599988  0.05960455
  -0.81538749 -1.06177825]
 [ 1.32427011  0.88989065 -0.04952578 -1.9140698  -1.69237074  0.26274383
  -0.42733474  1.12238017]]
princ [[-1.89934938  0.92041887  0.56030722 ..., -0.17070381 -0.10749431
  -0.87182202]
 [-1.48688311  2.74480376  0.2015074  ..., -0.46648014  2.20110885
  -2.28249909]
 [ 0.4794445  -2.14556699 -0.93477452 ...,  0.94383678  1.78291276
   0.21453413]
 ..., 
 [-1.86130674  1.32230121  0.17397578 ...,  0.25970599 -0.65942467
   0.45098734]
 [-0.47712301  0.2694398  -1.17084032 ...,  0.35748343 -0.05467235
   1.81850001]
 [ 0.32854288 -2.36150628 -0.84865436 ...,  0.05623005  1.89205542
   0.20162593]]

###TABLE VII. TABLE VIII###.


*** Oposição:
[1.0, 1.0211421231317639, 0.49671398240141301, 0.25783604749653966, 0.46159131033523465, 0.2491206044564834]

*** Inovação:
[0.0, 1.9050767081914675, 2.8929000516924219, 1.7476017735912783, 2.7363850854669707, 3.1309299415957748]

*** Dialéticas:
[2.9251339961820788, 0.98321549531796593, 0.28164837144223209, 1.1859510393946775, 0.86317814140329208]

*** Dialéticas 2d:
[3.4011537931489664, 1.3612053030342783, 1.241293222588419, 0.26049314701265591, 0.74702439597991666]

*** Dialéticas Todos (8d):
[2.0482760741401247, 1.2425315749868804, 1.1287536983055551, 0.24299368599396842, 0.24480898972261955]
dados [[ 1.57047336 -0.2971814   0.85345077 ..., -0.21923577 -0.932868
  -0.32459338]
 [ 0.83389605 -0.76263507 -0.87690279 ..., -0.69880659 -0.48760621
   1.44164985]
 [ 1.60644605  0.30731936 -0.10948153 ...,  0.82730595 -0.04601256
  -1.27162487]
 ..., 
 [ 1.52839706 -0.94466436  0.03920371 ..., -1.01889188 -0.28209345
   1.33363859]
 [ 1.26146597 -1.98382655  1.65973042 ..., -0.89096359  0.37450086
   0.33277916]
 [ 1.48043171 -1.40406949 -1.30594707 ..., -0.09122066 -1.30074781
  -0.26512769]]
###TABLE V.### Average and standard deviation of the deviations for each composer and for the 8 eigenvalues.
main_means [3.8614151220599044, 5.4427990647334452, 4.3863417467452877, 3.5318942759409562, 3.0221101910582164, 3.7350343750460437, 4.2670804434784868]
main_stds [0.82575757390442084, 0.88067098160837165, 0.86507965631136097, 0.79847402215295371, 0.6775922522748945, 0.82253768549620776, 0.87617119884820704]
eigenvalues means [-0.17913541 -0.06560366 -0.03853223 -0.01108481  0.05895415  0.07280722
  0.08126693  0.08132781]
eigenvalues stds [ 0.004633    0.00273558  0.00220388  0.00201444  0.00215728  0.00251227
  0.00274083  0.00313251]
