*** arquivo_notas: notas_compositores.txt qtd_aleatorios: 8000000 std: 1.1

*** Dimensões da tabela de notas: (1176, 8)

*** Tabela geral de notas:
[[ 3.          8.          5.         ...,  5.          3.          7.        ]
 [ 2.          6.          9.         ...,  2.          1.          5.        ]
 [ 6.          4.          1.         ...,  7.          2.          2.        ]
 ..., 
 [ 6.19732312  7.7286727   1.52362021 ...,  4.64401546  2.25096793
   7.5386354 ]
 [ 2.55347374  6.13673322  4.8324858  ...,  5.37716451  1.76441079
   7.18224926]
 [ 8.58147061  7.49081375  5.43182058 ...,  4.84040454  9.02255884
   5.15234597]]

*** Matriz de covariância:
[[ 1.   -0.18 -0.09  0.7  -0.18  0.17  0.54 -0.17]
 [-0.18  1.   -0.1  -0.18  0.19 -0.47 -0.17  0.35]
 [-0.09 -0.1   1.   -0.23  0.28 -0.01  0.4   0.02]
 [ 0.7  -0.18 -0.23  1.   -0.39  0.2   0.43 -0.04]
 [-0.18  0.19  0.28 -0.39  1.   -0.28  0.01 -0.23]
 [ 0.17 -0.47 -0.01  0.2  -0.28  1.    0.24 -0.11]
 [ 0.54 -0.17  0.4   0.43  0.01  0.24  1.    0.01]
 [-0.17  0.35  0.02 -0.04 -0.23 -0.11  0.01  1.  ]]

*** Pearson (igual matriz covar.):
 ###TABLE III. Pearson correlation coefficients between the eight musical characteristics.
['1.0', '-0.18', '-0.09', '0.7', '-0.18', '0.17', '0.54', '-0.17']
['-0.18', '1.0', '-0.1', '-0.18', '0.19', '-0.47', '-0.17', '0.35']
['-0.09', '-0.1', '1.0', '-0.23', '0.28', '-0.01', '0.4', '0.02']
['0.7', '-0.18', '-0.23', '1.0', '-0.39', '0.2', '0.43', '-0.04']
['-0.18', '0.19', '0.28', '-0.39', '1.0', '-0.28', '0.01', '-0.23']
['0.17', '-0.47', '-0.01', '0.2', '-0.28', '1.0', '0.24', '-0.11']
['0.54', '-0.17', '0.4', '0.43', '0.01', '0.24', '1.0', '0.01']
['-0.17', '0.35', '0.02', '-0.04', '-0.23', '-0.11', '0.01', '1.0']

*** Autovetores (raw):
[[-0.5   0.01  0.26  0.32  0.03  0.09  0.1   0.74]
 [ 0.33  0.24  0.53  0.15  0.41 -0.6   0.09  0.02]
 [ 0.04 -0.63  0.23 -0.37 -0.34 -0.28  0.45  0.11]
 [-0.51  0.23  0.22  0.19 -0.09  0.05  0.5  -0.58]
 [ 0.28 -0.51  0.11  0.39  0.46  0.49  0.21 -0.12]
 [-0.35 -0.07 -0.4  -0.41  0.69 -0.17  0.21  0.05]
 [ 0.13  0.32  0.45 -0.61  0.1   0.53  0.1   0.1 ]
 [-0.4  -0.36  0.41 -0.13  0.13 -0.04 -0.65 -0.27]]

*** Autovalores (raw):
[ 2.52  1.56  1.36  1.11  0.55  0.38  0.26  0.25]

*** Autovalores prop (raw):
[ 0.32  0.2   0.17  0.14  0.07  0.05  0.03  0.03]

*** Autovalores (var. %) ###TABLE IV### New variances after PCA, in percentages for scores on III.:
[32.0, 20.0, 17.0, 14.000000000000002, 7.0000000000000009, 5.0, 3.0, 3.0]

*** Dados finais:
[[ 1.81384223  3.1538737  -0.05075804 ..., -0.20963736  1.55229001
   0.36248226]
 [-1.07053087 -2.80260542  1.14582766 ...,  0.45500049 -1.85209674
   0.24173136]
 [-0.10914114 -0.65159871 -3.11712095 ...,  0.20407357 -1.03337886
   1.76297956]
 ..., 
 [-0.92215076 -0.67282724  0.69859621 ..., -0.51959365 -0.27827426
   1.24105385]
 [-1.11305589 -0.16971285  0.69288418 ..., -1.33814327 -1.24122556
   1.10941254]
 [-0.49574711 -0.33570746  0.42373026 ..., -0.47075218 -0.81974207
   1.24298418]]

*** Componentes principais [T] (todos):
[ 1.81384223  3.1538737  -0.05075804 ..., -0.20963736  1.55229001
  0.36248226] [-1.07053087 -2.80260542  1.14582766 ...,  0.45500049 -1.85209674
  0.24173136] [-0.10914114 -0.65159871 -3.11712095 ...,  0.20407357 -1.03337886
  1.76297956] [ 0.17711203  0.68047387  1.29494867 ...,  1.68692049  0.44501349
 -0.07485297]

*** Componentes principais [T] (somente originais):
[ 1.81384223  3.1538737  -0.05075804 -0.59156523 -1.01178767  0.2652433
 -1.36486944] [-1.07053087 -2.80260542  1.14582766  1.10666936  0.42229543 -0.19606794
 -0.54676829] [-0.10914114 -0.65159871 -3.11712095  1.01503654 -0.13923162  1.40902578
  0.05961667] [ 0.17711203  0.68047387  1.29494867  1.28246801 -0.44593236  0.111402
 -2.48952055]

*** Contribuições (autovetores) [P] (idem para todos e originais) ###TABLE VI.### Percentages of the contributions from each musical characteristic on the four new main axes.

C1 [19.858624010125691, 13.107136861232831, 1.42377060107553, 20.095056734255238, 11.038278393672311, 13.720707578902719, 4.9355062003991295, 15.820919620336561]
C2 [0.56891669148726021, 9.9744703637497221, 26.880559599878946, 9.5524495415512689, 21.422262462355633, 2.7692075304133348, 13.494346537015605, 15.337787273548233]
C3 [10.05388956268617, 20.199705483668343, 8.6511508708052052, 8.4666753906534336, 4.1392746736971189, 15.442938340564222, 17.245867245366899, 15.800498432558612]
C4 [12.643047146044333, 5.7190578805188812, 14.320966577488875, 7.5552401140716947, 15.137825149238152, 15.809372454320927, 23.682172196126736, 5.132318482190394]
C5 [1.3807404494877451, 18.350621338144375, 15.139408653751204, 3.901247768711205, 20.297476145808343, 30.646617308744489, 4.2974355645064053, 5.9864527708462125]
C6 [4.1417170136244179, 26.441355770019502, 12.628880580532623, 2.1168852737378647, 21.698341428032453, 7.6294810260907617, 23.500284374299397, 1.843054533662986]
C7 [4.3085342133996045, 3.7746887363534052, 19.492413353193022, 21.826943869986028, 9.0147732978075013, 8.9080473814449661, 4.3432361811564952, 28.331362966658975]
C8 [37.515506585800402, 0.78397307536467142, 5.3181913992090593, 29.371161739494433, 5.9322630782747385, 2.5817317359903553, 5.0336598598525493, 13.463512526013801]
princ_orig [[ 1.81384223 -1.07053087 -0.10914114  0.17711203  0.51425497 -0.92215076
  -1.11305589 -0.49574711]
 [ 3.1538737  -2.80260542 -0.65159871  0.68047387 -1.86661345 -0.67282724
  -0.16971285 -0.33570746]
 [-0.05075804  1.14582766 -3.11712095  1.29494867  0.22704921  0.69859621
   0.69288418  0.42373026]
 [-0.59156523  1.10666936  1.01503654  1.28246801 -0.12915424 -0.49474136
  -0.56343179 -0.37408865]
 [-1.01178767  0.42229543 -0.13923162 -0.44593236  0.08561387 -0.21839472
  -0.33381457 -0.25071949]
 [ 0.2652433  -0.19606794  1.40902578  0.111402    0.33573271  1.19742991
   1.44871986  0.79176377]
 [-1.36486944 -0.54676829  0.05961667 -2.48952055 -0.22714507  0.97457779
   1.34521447  0.67928741]]
princ [[ 1.81384223 -1.07053087 -0.10914114 ..., -0.92215076 -1.11305589
  -0.49574711]
 [ 3.1538737  -2.80260542 -0.65159871 ..., -0.67282724 -0.16971285
  -0.33570746]
 [-0.05075804  1.14582766 -3.11712095 ...,  0.69859621  0.69288418
   0.42373026]
 ..., 
 [-0.20963736  0.45500049  0.20407357 ..., -0.51959365 -1.33814327
  -0.47075218]
 [ 1.55229001 -1.85209674 -1.03337886 ..., -0.27827426 -1.24122556
  -0.81974207]
 [ 0.36248226  0.24173136  1.76297956 ...,  1.24105385  1.10941254
   1.24298418]]

###TABLE VII. TABLE VIII###.


*** Oposição:
[1.0, 1.0174243180763989, 0.50675608522222892, 0.26873222646204226, 0.44936623440321916, 0.23451317759885934]

*** Inovação:
[0.0, 1.9716949136945787, 2.9017630447513478, 1.8020616571565846, 2.7702336908975917, 3.2212587547639857]

*** Dialéticas:
[2.9481328114425591, 1.3265293307962582, 1.0054841764550515, 0.17122614124554267, 1.4006160834843902]

*** Dialéticas 2d:
[3.9889078450135322, 2.8530283341213667, 0.73966083674409588, 0.26028444364462805, 0.60488684820630967]

*** Dialéticas Todos (8d):
[2.0791546595711825, 1.1495732059147945, 1.1485511315147641, 0.30680143213374517, 0.19119070852049824]
dados [[ 0.56850974  1.34422889 -0.19306834 ..., -0.36113132 -1.15695598
  -1.25136052]
 [-0.79064513 -0.92037954  1.17673416 ..., -0.31125195  0.70247116
  -0.28678516]
 [ 1.04900134 -1.06278998  0.54691009 ...,  1.77118102 -1.81204661
  -0.86202321]
 ..., 
 [ 0.05700043 -0.1108936   0.11659324 ...,  1.98238371  0.01075361
   1.14151098]
 [-0.00747662 -0.51792835  1.25265628 ...,  0.22852294  0.98083093
   0.65779516]
 [-0.06881967 -1.03347646  0.1350171  ...,  0.12726455 -0.61810275
  -1.09835868]]
###TABLE V.### Average and standard deviation of the deviations for each composer and for the 8 eigenvalues.
main_means [3.8442151330803931, 5.4992445685861568, 4.5612853032269491, 3.5185431013285546, 3.0019801859619064, 3.7253863940502274, 4.351353500282098]
main_stds [0.8372990580632097, 0.93116902212379793, 0.89853255652759723, 0.76882532245634538, 0.70440382486803854, 0.80890373537754134, 0.88403188299736146]
eigenvalues means [-0.17549412 -0.06089238 -0.03932093 -0.01164043  0.05382548  0.0718667
  0.08286738  0.07878831]
eigenvalues stds [ 0.00468696  0.00265893  0.00223408  0.00197864  0.00217855  0.00238175
  0.00279637  0.00313345]
