*** arquivo_notas: notas_compositores.txt qtd_aleatorios: 8000000 std: 1.1

*** Dimensões da tabela de notas: (1165, 8)

*** Tabela geral de notas:
[[ 3.          8.          5.         ...,  5.          3.          7.        ]
 [ 2.          6.          9.         ...,  2.          1.          5.        ]
 [ 6.          4.          1.         ...,  7.          2.          2.        ]
 ..., 
 [ 6.14923478  4.09701186  2.40994761 ...,  7.81764755  1.95267514
   3.13955474]
 [ 6.45554288  6.8045153   2.83357074 ...,  6.30913682  4.03841948
   8.56277758]
 [ 7.97489351  8.22569418  5.59202373 ...,  3.498997    7.07972515
   5.06340257]]

*** Matriz de covariância:
[[ 1.   -0.21 -0.05  0.69 -0.22  0.22  0.56 -0.13]
 [-0.21  1.   -0.14 -0.22  0.25 -0.53 -0.23  0.33]
 [-0.05 -0.14  1.   -0.21  0.26  0.04  0.44  0.08]
 [ 0.69 -0.22 -0.21  1.   -0.41  0.23  0.45 -0.03]
 [-0.22  0.25  0.26 -0.41  1.   -0.29 -0.04 -0.22]
 [ 0.22 -0.53  0.04  0.23 -0.29  1.    0.29 -0.12]
 [ 0.56 -0.23  0.44  0.45 -0.04  0.29  1.    0.03]
 [-0.13  0.33  0.08 -0.03 -0.22 -0.12  0.03  1.  ]]

*** Pearson (igual matriz covar.):
 ###TABLE III. Pearson correlation coefficients between the eight musical characteristics.
['1.0', '-0.21', '-0.05', '0.69', '-0.22', '0.22', '0.56', '-0.13']
['-0.21', '1.0', '-0.14', '-0.22', '0.25', '-0.53', '-0.23', '0.33']
['-0.05', '-0.14', '1.0', '-0.21', '0.26', '0.04', '0.44', '0.08']
['0.69', '-0.22', '-0.21', '1.0', '-0.41', '0.23', '0.45', '-0.03']
['-0.22', '0.25', '0.26', '-0.41', '1.0', '-0.29', '-0.04', '-0.22']
['0.22', '-0.53', '0.04', '0.23', '-0.29', '1.0', '0.29', '-0.12']
['0.56', '-0.23', '0.44', '0.45', '-0.04', '0.29', '1.0', '0.03']
['-0.13', '0.33', '0.08', '-0.03', '-0.22', '-0.12', '0.03', '1.0']

*** Autovetores (raw):
[[ 0.48 -0.06  0.24  0.37 -0.03  0.13  0.74  0.01]
 [-0.36 -0.2   0.5   0.2  -0.41  0.15 -0.08 -0.59]
 [ 0.02  0.69  0.23 -0.26  0.32  0.49  0.03 -0.24]
 [ 0.48 -0.27  0.21  0.23  0.07  0.46 -0.59  0.2 ]
 [-0.29  0.48  0.03  0.45 -0.42  0.11 -0.05  0.53]
 [-0.1  -0.19  0.56 -0.6  -0.15  0.02  0.14  0.48]
 [ 0.42  0.37  0.38  0.02 -0.11 -0.67 -0.26 -0.12]
 [ 0.37  0.1  -0.36 -0.37 -0.71  0.21  0.01 -0.15]]

*** Autovalores (raw):
[ 2.67  1.53  1.34  1.1   0.51  0.34  0.27  0.23]

*** Autovalores prop (raw):
[ 0.33  0.19  0.17  0.14  0.06  0.04  0.03  0.03]

*** Autovalores (var. %) ###TABLE IV### New variances after PCA, in percentages for scores on III.:
[33.0, 19.0, 17.0, 14.000000000000002, 6.0, 4.0, 3.0, 3.0]

*** Dados finais:
[[-2.03126029 -2.86882122 -1.00681833 ..., -1.46855782  1.01149621
   0.09345937]
 [ 0.50429397  2.41907966 -1.83966656 ..., -0.47113556 -1.74104191
   1.25961532]
 [-0.85006555 -2.10012358 -0.25312847 ..., -0.03971791 -0.51220359
   0.90739115]
 ..., 
 [ 0.10900143  0.99546069 -0.70649316 ..., -0.13476799 -0.00650704
   0.01450623]
 [-0.10380821 -0.09716188  0.58912853 ...,  0.83489773  0.47076869
   0.06234236]
 [-0.68386472 -0.7905315   2.22586965 ...,  3.05976037 -0.94524285
  -0.38567161]]

*** Componentes principais [T] (todos):
[-2.03126029 -2.86882122 -1.00681833 ..., -1.46855782  1.01149621
  0.09345937] [ 0.50429397  2.41907966 -1.83966656 ..., -0.47113556 -1.74104191
  1.25961532] [-0.85006555 -2.10012358 -0.25312847 ..., -0.03971791 -0.51220359
  0.90739115] [-0.40665852  0.31055245  0.63002505 ...,  0.69744359 -1.29054571
  2.32581588]

*** Componentes principais [T] (somente originais):
[-2.03126029 -2.86882122 -1.00681833  0.69560716  0.80325121  0.65320004
  1.86851125] [ 0.50429397  2.41907966 -1.83966656 -1.42570893 -0.79159894  1.28437049
  1.33408732] [-0.85006555 -2.10012358 -0.25312847 -0.32393887  0.02174642  1.29802956
  1.41262067] [-0.40665852  0.31055245  0.63002505  1.01396669 -0.71964128  1.50980681
 -1.39513326]

*** Contribuições (autovetores) [P] (idem para todos e originais) ###TABLE VI.### Percentages of the contributions from each musical characteristic on the four new main axes.

C1 [18.90019970472202, 14.41189857290478, 0.85344189819484095, 19.004370446374867, 11.681703563337807, 3.7892715879282752, 16.519091834715439, 14.840022391821952]
C2 [2.6044180430099932, 8.4183733819560072, 29.158038711001005, 11.393302145418062, 20.173102151067766, 8.1951011184013502, 15.772823741381782, 4.2848407077640385]
C3 [9.6402220374232641, 19.716370396882375, 9.2369197739421267, 8.3588711643685336, 1.2526054248651517, 22.397818980268283, 15.018565958056673, 14.378626264193588]
C4 [14.811315141256845, 8.0474612829382615, 10.30393148084517, 9.0852383797706224, 18.085387626841097, 23.814253025952876, 0.9074421589040258, 14.944970903491086]
C5 [1.4948993345048056, 18.225194017245329, 14.48102486009401, 3.2015200160528083, 19.035006182690882, 6.6924361814938784, 4.8703558235182172, 31.999563584400072]
C6 [5.7392821615322189, 6.7329444729578096, 22.065053908465451, 20.352358558150375, 4.9378403871548011, 0.77851068879177554, 30.008171600761941, 9.3858382221856242]
C7 [39.02394889702655, 4.360018253916734, 1.4593121443829187, 30.926529755617683, 2.7975496099230535, 7.4816911590223008, 13.561134852162729, 0.3898153279480413]
C8 [0.40983728777284573, 25.273927436310938, 10.220361525355189, 8.6686133414984106, 22.952957380904977, 20.850270535639826, 4.9863664605609026, 6.6376660319569112]
princ_orig [[-2.03126029  0.50429397 -0.85006555 -0.40665852 -0.94819451  0.10900143
  -0.10380821 -0.68386472]
 [-2.86882122  2.41907966 -2.10012358  0.31055245  1.08242632  0.99546069
  -0.09716188 -0.7905315 ]
 [-1.00681833 -1.83966656 -0.25312847  0.63002505  1.68860504 -0.70649316
   0.58912853  2.22586965]
 [ 0.69560716 -1.42570893 -0.32393887  1.01396669 -0.66481855  0.4407499
  -0.22191598 -0.88068682]
 [ 0.80325121 -0.79159894  0.02174642 -0.71964128 -0.10348015  0.02173377
  -0.07853749  0.03113391]
 [ 0.65320004  1.28437049  1.29802956  1.50980681 -0.15889278 -0.2103534
   0.05039082  0.22272043]
 [ 1.86851125  1.33408732  1.41262067 -1.39513326  0.95048464 -0.41657652
   0.08847124  0.74507911]]
princ [[-2.03126029  0.50429397 -0.85006555 ...,  0.10900143 -0.10380821
  -0.68386472]
 [-2.86882122  2.41907966 -2.10012358 ...,  0.99546069 -0.09716188
  -0.7905315 ]
 [-1.00681833 -1.83966656 -0.25312847 ..., -0.70649316  0.58912853
   2.22586965]
 ..., 
 [-1.46855782 -0.47113556 -0.03971791 ..., -0.13476799  0.83489773
   3.05976037]
 [ 1.01149621 -1.74104191 -0.51220359 ..., -0.00650704  0.47076869
  -0.94524285]
 [ 0.09345937  1.25961532  0.90739115 ...,  0.01450623  0.06234236
  -0.38567161]]

###TABLE VII. TABLE VIII###.


*** Oposição:
[1.0, 1.0191050882662884, 0.50682802605722221, 0.26104625479943383, 0.46277729720474542, 0.24660705937219687]

*** Inovação:
[0.0, 1.9364946188223435, 2.8714678328887988, 1.7691565476635316, 2.7324990875822985, 3.1602232281210636]

*** Dialéticas:
[3.376297572736771, 2.7849803742300305, 0.76138422924586546, 0.18832862947226853, 0.28538389664456515]

*** Dialéticas 2d:
[3.6030299018362464, 2.6267099710138369, 1.1304349646912901, 2.3431670478488775, 1.0026658928638061]

*** Dialéticas Todos (8d):
[1.9891579493911924, 1.1473292270471129, 1.151188754644799, 0.26088171320704773, 0.23986573847727638]
dados [[ 0.23686013  0.58511592  1.87192004 ...,  0.01384571  0.32439614
   1.92560383]
 [ 0.18714363 -0.74855027  0.22139607 ...,  0.12538827 -1.75047381
   1.39411603]
 [ 0.69276134 -1.25019692  0.65226308 ...,  1.70927609 -0.51492678
  -0.27765702]
 ..., 
 [ 1.17297789  1.01470318  0.10166184 ...,  0.20411652 -1.61573716
  -0.7193061 ]
 [ 1.15829193  0.37222824 -0.95721647 ..., -0.55021605  0.85393854
  -1.52161604]
 [-0.69715245 -0.1340614  -0.65020542 ..., -0.14864166 -0.32091538
   0.05170408]]
###TABLE V.### Average and standard deviation of the deviations for each composer and for the 8 eigenvalues.
main_means [3.7337502807246357, 5.3093800645218652, 4.5961349448826008, 3.5505336027021022, 3.0959498632253299, 3.6910678250667575, 4.306186352283329]
main_stds [0.86773065910120994, 0.91377636820575625, 0.85583212588373059, 0.76592826597024755, 0.69897834323670371, 0.80746888836380604, 0.85610594910892779]
eigenvalues means [-0.19353695 -0.05684235 -0.0371746  -0.01108537  0.05909646  0.07640263
  0.08116962  0.08197055]
eigenvalues stds [ 0.00494599  0.00255382  0.00247842  0.00209858  0.00236354  0.0025315
  0.00278566  0.00320629]
