*** arquivo_notas: notas_compositores.txt qtd_aleatorios: 8000000 std: 1.1

*** Dimensões da tabela de notas: (1277, 8)

*** Tabela geral de notas:
[[ 3.          8.          5.         ...,  5.          3.          7.        ]
 [ 2.          6.          9.         ...,  2.          1.          5.        ]
 [ 6.          4.          1.         ...,  7.          2.          2.        ]
 ..., 
 [ 6.75012465  6.89959621  4.63182829 ...,  4.16437463  5.39340113
   5.63964836]
 [ 6.52554756  3.77404458  2.32775771 ...,  7.37192135  1.96927713
   1.4637338 ]
 [ 2.87696443  8.16564907  5.2468686  ...,  5.31669502  2.49995308
   8.51932624]]

*** Matriz de covariância:
[[ 1.   -0.2  -0.1   0.71 -0.18  0.17  0.5  -0.14]
 [-0.2   1.   -0.1  -0.19  0.22 -0.5  -0.22  0.36]
 [-0.1  -0.1   1.   -0.21  0.28  0.08  0.47  0.04]
 [ 0.71 -0.19 -0.21  1.   -0.33  0.15  0.42 -0.04]
 [-0.18  0.22  0.28 -0.33  1.   -0.26  0.04 -0.25]
 [ 0.17 -0.5   0.08  0.15 -0.26  1.    0.28 -0.14]
 [ 0.5  -0.22  0.47  0.42  0.04  0.28  1.   -0.02]
 [-0.14  0.36  0.04 -0.04 -0.25 -0.14 -0.02  1.  ]]

*** Pearson (igual matriz covar.):
 ###TABLE III. Pearson correlation coefficients between the eight musical characteristics.
['1.0', '-0.2', '-0.1', '0.71', '-0.18', '0.17', '0.5', '-0.14']
['-0.2', '1.0', '-0.1', '-0.19', '0.22', '-0.5', '-0.22', '0.36']
['-0.1', '-0.1', '1.0', '-0.21', '0.28', '0.08', '0.47', '0.04']
['0.71', '-0.19', '-0.21', '1.0', '-0.33', '0.15', '0.42', '-0.04']
['-0.18', '0.22', '0.28', '-0.33', '1.0', '-0.26', '0.04', '-0.25']
['0.17', '-0.5', '0.08', '0.15', '-0.26', '1.0', '0.28', '-0.14']
['0.5', '-0.22', '0.47', '0.42', '0.04', '0.28', '1.0', '-0.02']
['-0.14', '0.36', '0.04', '-0.04', '-0.25', '-0.14', '-0.02', '1.0']

*** Autovetores (raw):
[[-0.49  0.14  0.28  0.29  0.07 -0.24 -0.71  0.07]
 [ 0.37  0.19  0.51  0.08  0.46 -0.06  0.02 -0.58]
 [-0.03 -0.64  0.25 -0.31 -0.32 -0.51 -0.02 -0.26]
 [-0.48  0.29  0.26  0.18 -0.06 -0.34  0.68  0.05]
 [ 0.24 -0.48  0.17  0.47  0.38 -0.12  0.12  0.53]
 [ 0.15  0.26  0.42 -0.65  0.1  -0.06 -0.06  0.54]
 [-0.42 -0.35  0.4  -0.1   0.06  0.71  0.1  -0.08]
 [-0.36 -0.15 -0.41 -0.35  0.72 -0.18  0.04 -0.09]]

*** Autovalores (raw):
[ 2.51  1.61  1.35  1.15  0.51  0.35  0.27  0.24]

*** Autovalores prop (raw):
[ 0.31  0.2   0.17  0.14  0.06  0.04  0.03  0.03]

*** Autovalores (var. %) ###TABLE IV### New variances after PCA, in percentages for scores on III.:
[31.0, 20.0, 17.0, 14.000000000000002, 6.0, 4.0, 3.0, 3.0]

*** Dados finais:
[[ 2.12732552  2.81535938  1.0507198  ..., -0.92177868  1.08688196
   2.1748004 ]
 [-0.83440996 -2.82644804  1.82101003 ...,  0.77670821  1.56422086
  -1.25966598]
 [-0.85408065 -1.78064482 -0.32195872 ...,  0.04851003 -0.06944795
  -1.05632265]
 ..., 
 [-0.03428779 -1.05719301  0.46334326 ...,  0.09439096  0.2539436
  -0.49914886]
 [ 0.08236525  0.10040539 -0.35310668 ..., -0.01209416 -0.85085063
   0.1969994 ]
 [-0.59845403 -0.90694606  2.13389765 ..., -1.38193312  2.04025125
  -0.28330385]]

*** Componentes principais [T] (todos):
[ 2.12732552  2.81535938  1.0507198  ..., -0.92177868  1.08688196
  2.1748004 ] [-0.83440996 -2.82644804  1.82101003 ...,  0.77670821  1.56422086
 -1.25966598] [-0.85408065 -1.78064482 -0.32195872 ...,  0.04851003 -0.06944795
 -1.05632265] [-0.24198329  0.7648806   0.9199365  ...,  0.14604417  0.55815848
 -0.38084548]

*** Componentes principais [T] (somente originais):
[ 2.12732552  2.81535938  1.0507198  -0.64710477 -0.67493423 -0.73945506
 -1.78501931] [-0.83440996 -2.82644804  1.82101003  1.27248248  0.71477415 -1.23404856
 -1.1822519 ] [-0.85408065 -1.78064482 -0.32195872 -0.20462667 -0.16765636  1.71707485
  1.24529358] [-0.24198329  0.7648806   0.9199365   0.93969315 -0.78867101  1.13218632
 -1.76808296]

*** Contribuições (autovetores) [P] (idem para todos e originais) ###TABLE VI.### Percentages of the contributions from each musical characteristic on the four new main axes.

C1 [19.436698424107565, 14.762378448815722, 1.0130431900265717, 18.938534211702706, 9.4499990642166125, 5.7382811590906426, 16.557016097978682, 14.104049404061506]
C2 [5.5394782060204877, 7.7352414196785233, 25.633278436967867, 11.697138499846597, 19.345547779233573, 10.28259668529147, 13.884347596410279, 5.8823713765512062]
C3 [10.547396280945247, 18.782151964939956, 9.1198542405628338, 9.534955632062724, 6.4507709794048402, 15.634156880263697, 14.848245304959779, 15.082468716860914]
C4 [11.725764901477714, 3.3975676225057829, 12.820861584553208, 7.2737167095221098, 19.296288557680434, 26.80076061724133, 4.2499912046959007, 14.435048802323525]
C5 [3.1732160030613001, 21.276315078801328, 14.667892228497903, 2.9027199288497791, 17.446761245355351, 4.6145872958287102, 2.8536482226986419, 33.064859996906996]
C6 [10.71553586568384, 2.8960120323897116, 22.814712285161988, 15.375297434038574, 5.2406926534114735, 2.7516064893478047, 32.013756894208228, 8.1923863457583757]
C7 [40.487698409222745, 1.386564570594091, 1.0898898862408757, 38.55733303481334, 7.0879562397113096, 3.5155746164334034, 5.7235106793954662, 2.1514725635887824]
C8 [3.1169172176583335, 26.443928522734971, 11.738620818405408, 2.4396952303084376, 24.142121251398301, 24.453118905347527, 3.5436738004744095, 4.1219242536725975]
princ_orig [[ 2.12732552 -0.83440996 -0.85408065 -0.24198329  0.97934964 -0.03428779
   0.08236525 -0.59845403]
 [ 2.81535938 -2.82644804 -1.78064482  0.7648806  -1.07753041 -1.05719301
   0.10040539 -0.90694606]
 [ 1.0507198   1.82101003 -0.32195872  0.9199365  -1.79658557  0.46334326
  -0.35310668  2.13389765]
 [-0.64710477  1.27248248 -0.20462667  0.93969315  0.85837766 -0.25682606
   0.23179185 -1.01479238]
 [-0.67493423  0.71477415 -0.16765636 -0.78867101  0.11103193  0.00971272
   0.13817935  0.03670375]
 [-0.73945506 -1.23404856  1.71707485  1.13218632  0.11171225  0.20475402
  -0.19480273  0.17759489]
 [-1.78501931 -1.1822519   1.24529358 -1.76808296 -1.15827742  0.26815006
  -0.15909408  0.82765925]]
princ [[ 2.12732552 -0.83440996 -0.85408065 ..., -0.03428779  0.08236525
  -0.59845403]
 [ 2.81535938 -2.82644804 -1.78064482 ..., -1.05719301  0.10040539
  -0.90694606]
 [ 1.0507198   1.82101003 -0.32195872 ...,  0.46334326 -0.35310668
   2.13389765]
 ..., 
 [-0.92177868  0.77670821  0.04851003 ...,  0.09439096 -0.01209416
  -1.38193312]
 [ 1.08688196  1.56422086 -0.06944795 ...,  0.2539436  -0.85085063
   2.04025125]
 [ 2.1748004  -1.25966598 -1.05632265 ..., -0.49914886  0.1969994
  -0.28330385]]

###TABLE VII. TABLE VIII###.


*** Oposição:
[1.0, 1.0202264388073654, 0.50578641974365335, 0.26378819969105988, 0.45786772527728881, 0.24660800091800469]

*** Inovação:
[0.0, 1.9722213898818399, 2.9214841890581402, 1.7855370839595754, 2.7692584879978046, 3.1995535807045004]

*** Dialéticas:
[3.3869453864682604, 2.7113678294751149, 1.0749280928119531, 0.28148759981336025, 0.29238788467511051]

*** Dialéticas 2d:
[3.9151580501984347, 2.5754751237844755, 1.0900551010769255, 2.2288176602966216, 0.95777410559865639]

*** Dialéticas Todos (8d):
[2.00285492223122, 1.174745650922814, 1.1543018316866034, 0.26331697681244898, 0.23774338659424676]
dados [[ 0.27669402  0.97436653  0.15186899 ...,  1.46937014  1.27219362
  -1.2006644 ]
 [ 0.3006035   1.16149016 -0.13854484 ..., -1.36571311 -0.31774762
  -0.12645094]
 [-0.67305638  0.91108973 -1.07112289 ..., -0.37392647  1.43516448
  -0.13332163]
 ..., 
 [-1.29249495 -0.0321033  -0.35918146 ..., -0.13128523  0.89427708
  -1.44945817]
 [-0.03950954  1.06660298  1.55784012 ..., -1.18914444 -0.65662727
   0.52112967]
 [-0.93468306 -0.14716509 -0.64153251 ..., -0.42663926 -0.02262297
  -1.14880163]]
###TABLE V.### Average and standard deviation of the deviations for each composer and for the 8 eigenvalues.
main_means [3.8499787743155132, 5.4787635212421737, 4.5481531950454714, 3.4797049461113119, 2.9831339488103481, 3.7376900065268872, 4.3471304849847323]
main_stds [0.83211427081929457, 0.96116584658324, 0.9170754005814642, 0.78846045403875176, 0.68381694174820673, 0.87007142131287885, 0.89053583801877956]
eigenvalues means [-0.17473449 -0.06707416 -0.03828623 -0.01674354  0.05896919  0.07515598
  0.08234456  0.08036869]
eigenvalues stds [ 0.004506    0.00264189  0.0020673   0.00194392  0.00224418  0.0023854
  0.0027091   0.00302866]
