*** arquivo_notas: notas_compositores.txt qtd_aleatorios: 8000000 std: 1.1

*** Dimensões da tabela de notas: (1198, 8)

*** Tabela geral de notas:
[[ 3.          8.          5.         ...,  5.          3.          7.        ]
 [ 2.          6.          9.         ...,  2.          1.          5.        ]
 [ 6.          4.          1.         ...,  7.          2.          2.        ]
 ..., 
 [ 6.52308812  5.1322552   8.96538777 ...,  6.04112833  8.28178482
   5.04852843]
 [ 5.05775796  5.92091871  5.45549268 ...,  8.62042983  5.88761841
   8.54521694]
 [ 6.87505219  6.56715387  4.00254855 ...,  5.69665461  4.14284629
   6.30838839]]

*** Matriz de covariância:
[[ 1.   -0.16 -0.12  0.69 -0.18  0.14  0.52 -0.18]
 [-0.16  1.   -0.06 -0.15  0.2  -0.45 -0.13  0.34]
 [-0.12 -0.06  1.   -0.22  0.3  -0.04  0.41  0.08]
 [ 0.69 -0.15 -0.22  1.   -0.36  0.18  0.45 -0.05]
 [-0.18  0.2   0.3  -0.36  1.   -0.31 -0.   -0.22]
 [ 0.14 -0.45 -0.04  0.18 -0.31  1.    0.21 -0.12]
 [ 0.52 -0.13  0.41  0.45 -0.    0.21  1.    0.03]
 [-0.18  0.34  0.08 -0.05 -0.22 -0.12  0.03  1.  ]]

*** Pearson (igual matriz covar.):
 ###TABLE III. Pearson correlation coefficients between the eight musical characteristics.
['1.0', '-0.16', '-0.12', '0.69', '-0.18', '0.14', '0.52', '-0.18']
['-0.16', '1.0', '-0.06', '-0.15', '0.2', '-0.45', '-0.13', '0.34']
['-0.12', '-0.06', '1.0', '-0.22', '0.3', '-0.04', '0.41', '0.08']
['0.69', '-0.15', '-0.22', '1.0', '-0.36', '0.18', '0.45', '-0.05']
['-0.18', '0.2', '0.3', '-0.36', '1.0', '-0.31', '-0.0', '-0.22']
['0.14', '-0.45', '-0.04', '0.18', '-0.31', '1.0', '0.21', '-0.12']
['0.52', '-0.13', '0.41', '0.45', '-0.0', '0.21', '1.0', '0.03']
['-0.18', '0.34', '0.08', '-0.05', '-0.22', '-0.12', '0.03', '1.0']

*** Autovetores (raw):
[[ 0.51 -0.1   0.22  0.33  0.33 -0.68  0.05 -0.01]
 [-0.31 -0.02  0.58  0.16  0.09  0.05 -0.51 -0.51]
 [-0.07 -0.68 -0.09 -0.35  0.48  0.06 -0.31  0.27]
 [ 0.52  0.06  0.3   0.18  0.29  0.71  0.12  0.08]
 [-0.13  0.05  0.55 -0.6   0.1  -0.13  0.54 -0.01]
 [ 0.39 -0.53  0.18 -0.13 -0.71  0.02 -0.05 -0.13]
 [ 0.34  0.11 -0.39 -0.41  0.21  0.01 -0.03 -0.71]
 [-0.3  -0.48 -0.14  0.42  0.12  0.11  0.57 -0.37]]

*** Autovalores (raw):
[ 2.47  1.53  1.41  1.15  0.54  0.38  0.28  0.24]

*** Autovalores prop (raw):
[ 0.31  0.19  0.18  0.14  0.07  0.05  0.03  0.03]

*** Autovalores (var. %) ###TABLE IV### New variances after PCA, in percentages for scores on III.:
[31.0, 19.0, 18.0, 14.000000000000002, 7.0000000000000009, 5.0, 3.0, 3.0]

*** Dados finais:
[[ -2.49009440e+00  -3.52922358e+00   1.24971199e+00 ...,   1.08393755e+00
    7.11397154e-01   8.42375968e-01]
 [ -2.17576365e-01  -9.55171176e-02   1.80671004e+00 ...,  -1.27739217e+00
   -1.84735558e+00   2.44541873e-02]
 [  3.26249554e-01  -3.00656484e-01   3.61482009e-01 ...,  -1.63501900e+00
   -3.95323746e-01   9.41116270e-02]
 ..., 
 [ -6.94041613e-02  -2.59589839e-01  -5.41374306e-01 ...,  -2.80213310e-01
    9.61680693e-01   4.84445975e-01]
 [ -8.52108442e-02  -4.08351529e-01  -3.33270273e-03 ...,  -1.22282346e+00
    5.77194946e-01  -2.47440416e-01]
 [ -1.40940550e-01   2.30414516e+00   1.93330351e+00 ...,   2.37940849e-02
   -8.17874958e-01   1.01969307e-01]]

*** Componentes principais [T] (todos):
[-2.4900944  -3.52922358  1.24971199 ...,  1.08393755  0.71139715
  0.84237597] [-0.21757636 -0.09551712  1.80671004 ..., -1.27739217 -1.84735558
  0.02445419] [ 0.32624955 -0.30065648  0.36148201 ..., -1.635019   -0.39532375
  0.09411163] [-0.48927903 -1.88764644 -0.21064914 ..., -1.23764116  0.16409521
  1.22373428]

*** Componentes principais [T] (somente originais):
[-2.4900944  -3.52922358  1.24971199  0.01199809  0.61068621  1.03861846
  2.21577735] [-0.21757636 -0.09551712  1.80671004  0.88580504 -0.35791131  0.14695704
 -1.75383684] [ 0.32624955 -0.30065648  0.36148201  0.67656241 -0.43271064  0.70936481
 -1.50177878] [-0.48927903 -1.88764644 -0.21064914  1.69950044  0.78811495 -1.35239372
 -1.23214829]

*** Contribuições (autovetores) [P] (idem para todos e originais) ###TABLE VI.### Percentages of the contributions from each musical characteristic on the four new main axes.

C1 [19.699122496107144, 12.244084650312205, 2.8134777818613155, 20.156011317065509, 5.1536400618245315, 15.187190759423091, 13.179930127738352, 11.566542805667856]
C2 [5.0844875226306412, 0.86446764329992787, 33.455497773058376, 2.931787796130112, 2.6566140322684224, 25.980361068002587, 5.5016363673168156, 23.525147797293119]
C3 [9.0796883239295045, 23.714109835293169, 3.5406002500525289, 12.187310178413792, 22.219031043406108, 7.5007444022179168, 15.969566299084551, 5.7889496676024317]
C4 [12.838763067277664, 6.0996333174079505, 13.524953911085765, 6.9078462334484252, 23.313623128437257, 5.014504375935064, 16.05402492134769, 16.246651045060187]
princ_orig [[-2.4900944  -0.21757636  0.32624955 -0.48927903]
 [-3.52922358 -0.09551712 -0.30065648 -1.88764644]
 [ 1.24971199  1.80671004  0.36148201 -0.21064914]
 [ 0.01199809  0.88580504  0.67656241  1.69950044]
 [ 0.61068621 -0.35791131 -0.43271064  0.78811495]
 [ 1.03861846  0.14695704  0.70936481 -1.35239372]
 [ 2.21577735 -1.75383684 -1.50177878 -1.23214829]]
princ [[-2.4900944  -0.21757636  0.32624955 -0.48927903]
 [-3.52922358 -0.09551712 -0.30065648 -1.88764644]
 [ 1.24971199  1.80671004  0.36148201 -0.21064914]
 ..., 
 [ 1.08393755 -1.27739217 -1.635019   -1.23764116]
 [ 0.71139715 -1.84735558 -0.39532375  0.16409521]
 [ 0.84237597  0.02445419  0.09411163  1.22373428]]

###TABLE VII. TABLE VIII###.


*** Oposição:
[0.99999999999999989, 1.1592001635006222, 0.27487716168922915, 0.27061004950271694, 0.43167559721795556, 0.093229582094704486]

*** Inovação:
[0.0, 0.97889604179382528, 1.9705958584492438, 1.6541769149216581, 1.9689909297887431, 3.1310543494297427]

*** Dialéticas:
[3.1108213197834669, 1.9445974328605289, 0.55663042928462214, 1.1525676039563133, 0.030427959820187041]
[ 1.          0.62140423  0.17082314  0.36428453  0.        ]
dados [[ -1.00759345e+00  -2.89759396e-01  -5.15440869e-01 ...,  -8.59341953e-04
    1.12763470e+00  -1.18800112e+00]
 [  9.65205512e-02  -5.55270787e-01   1.21755198e+00 ...,  -1.07785762e+00
    1.00223323e+00   4.24330582e-01]
 [ -6.47964752e-01   1.07061148e+00  -6.90027937e-01 ...,   1.90242049e+00
   -1.14853011e+00  -1.28493888e+00]
 ..., 
 [  1.71901423e+00  -1.35465809e+00   8.38013041e-01 ...,  -8.05410571e-01
    1.60727280e+00  -7.61318677e-01]
 [  6.29302766e-01  -6.75365711e-01  -1.62027902e+00 ...,  -2.58765688e-01
    8.00741260e-01  -7.33240068e-01]
 [ -3.56881269e-01   1.04019694e+00  -6.86238627e-01 ...,   6.49802600e-01
    1.76425025e+00   8.09277491e-01]]
###TABLE V.### Average and standard deviation of the deviations for each composer and for the first 4 eigenvalues.
main_means [2.7695342125844862, 3.7118068028312501, 2.4906316105755564, 1.5201239706510139, 1.4905904946256707, 1.6485549635556336, 3.0801704316983649]
main_stds [0.98619211059100875, 1.0455813706782535, 0.94558982843609474, 0.78961989878723171, 0.76934887101083205, 0.82583946434515998, 1.0427709629201349]
eigenvalues means [-0.16920182 -0.0559837  -0.0457823  -0.01674062]
eigenvalues stds [ 0.00459981  0.00268672  0.00228668  0.00211556]
