*** arquivo_notas: notas_compositores.txt qtd_aleatorios: 8000000 std: 1.1

*** Dimensões da tabela de notas: (1321, 8)

*** Tabela geral de notas:
[[ 3.          8.          5.         ...,  5.          3.          7.        ]
 [ 2.          6.          9.         ...,  2.          1.          5.        ]
 [ 6.          4.          1.         ...,  7.          2.          2.        ]
 ..., 
 [ 6.86954433  7.73944622  3.89854093 ...,  4.29117305  4.68582501
   5.87908404]
 [ 8.38197155  7.63347357  5.69846926 ...,  5.50800848  7.95843664
   5.31502129]
 [ 6.1084113   5.50116056  4.8398942  ...,  5.63121754  8.04916289
   6.33244552]]

*** Matriz de covariância:
[[ 1.   -0.16 -0.07  0.69 -0.13  0.16  0.54 -0.15]
 [-0.16  1.   -0.1  -0.17  0.19 -0.47 -0.15  0.37]
 [-0.07 -0.1   1.   -0.22  0.27  0.04  0.44  0.04]
 [ 0.69 -0.17 -0.22  1.   -0.37  0.2   0.42  0.  ]
 [-0.13  0.19  0.27 -0.37  1.   -0.32  0.03 -0.23]
 [ 0.16 -0.47  0.04  0.2  -0.32  1.    0.26 -0.11]
 [ 0.54 -0.15  0.44  0.42  0.03  0.26  1.   -0.02]
 [-0.15  0.37  0.04  0.   -0.23 -0.11 -0.02  1.  ]]

*** Pearson (igual matriz covar.):
 ###TABLE III. Pearson correlation coefficients between the eight musical characteristics.
['1.0', '-0.16', '-0.07', '0.69', '-0.13', '0.16', '0.54', '-0.15']
['-0.16', '1.0', '-0.1', '-0.17', '0.19', '-0.47', '-0.15', '0.37']
['-0.07', '-0.1', '1.0', '-0.22', '0.27', '0.04', '0.44', '0.04']
['0.69', '-0.17', '-0.22', '1.0', '-0.37', '0.2', '0.42', '0.0']
['-0.13', '0.19', '0.27', '-0.37', '1.0', '-0.32', '0.03', '-0.23']
['0.16', '-0.47', '0.04', '0.2', '-0.32', '1.0', '0.26', '-0.11']
['0.54', '-0.15', '0.44', '0.42', '0.03', '0.26', '1.0', '-0.02']
['-0.15', '0.37', '0.04', '0.0', '-0.23', '-0.11', '-0.02', '1.0']

*** Autovetores (raw):
[[ 0.5  -0.01 -0.3  -0.32 -0.73  0.17 -0.03  0.05]
 [-0.33 -0.17 -0.56 -0.06  0.05  0.15 -0.48 -0.53]
 [ 0.01  0.64 -0.16  0.41 -0.04  0.49  0.32 -0.25]
 [ 0.5  -0.26 -0.25 -0.17  0.62  0.41  0.14  0.12]
 [ 0.42  0.38 -0.36  0.13  0.21 -0.68 -0.12 -0.09]
 [-0.12 -0.29 -0.44  0.61 -0.13 -0.   -0.    0.56]
 [-0.26  0.52 -0.14 -0.4   0.13  0.15 -0.36  0.57]
 [ 0.37  0.03  0.4   0.38 -0.    0.22 -0.71 -0.  ]]

*** Autovalores (raw):
[ 2.48  1.58  1.39  1.14  0.51  0.39  0.26  0.24]

*** Autovalores prop (raw):
[ 0.31  0.2   0.17  0.14  0.06  0.05  0.03  0.03]

*** Autovalores (var. %) ###TABLE IV### New variances after PCA, in percentages for scores on III.:
[31.0, 20.0, 17.0, 14.000000000000002, 6.0, 5.0, 3.0, 3.0]

*** Dados finais:
[[-1.06587935 -0.87600459 -0.10942523 ...,  0.28637157  0.06834917
   0.02876435]
 [ 0.32257619  2.18010904 -1.85864963 ..., -0.41249963  1.2119863
   0.20056548]
 [ 0.48387277  1.36849822 -0.16441431 ..., -0.33644472 -1.43660322
   0.1727811 ]
 ..., 
 [-1.16741476 -1.49232138 -1.88849745 ...,  0.33569497  0.14997858
   1.40183239]
 [-0.73774975  1.48181784  2.21758223 ..., -0.31309261 -0.51856276
  -0.06281799]
 [-1.58607175 -3.12413197  0.90254099 ..., -0.74551651  0.1804584
   1.2720416 ]]

*** Componentes principais [T] (todos):
[-1.06587935 -0.87600459 -0.10942523 ...,  0.28637157  0.06834917
  0.02876435] [ 0.32257619  2.18010904 -1.85864963 ..., -0.41249963  1.2119863
  0.20056548] [ 0.48387277  1.36849822 -0.16441431 ..., -0.33644472 -1.43660322
  0.1727811 ] [ 1.1835359   1.20094835 -0.50670326 ..., -0.97704047 -0.87241149
 -0.78105159]

*** Componentes principais [T] (somente originais):
[-1.06587935 -0.87600459 -0.10942523  0.67990204  0.1275625   0.70642073
  0.13426028] [ 0.32257619  2.18010904 -1.85864963 -1.21287013 -0.7173564   1.53959257
  1.51010472] [ 0.48387277  1.36849822 -0.16441431  0.05850946  0.26383155 -1.55408864
 -0.5335785 ] [ 1.1835359   1.20094835 -0.50670326 -1.15248592  0.19785794 -1.02462309
  0.58117784]

*** Contribuições (autovetores) [P] (idem para todos e originais) ###TABLE VI.### Percentages of the contributions from each musical characteristic on the four new main axes.

C1 [19.778145481690743, 13.253125424622562, 0.35370045341512474, 19.861010337340584, 16.765381253608627, 4.9814016182491336, 10.3622673906861, 14.644968040387113]
C2 [0.59904199306373473, 7.4976738824707674, 27.692740814055579, 11.207018002879739, 16.504516269644558, 12.493703457160745, 22.60263850911867, 1.4026670716062162]
C3 [11.463605984622866, 21.496264782921156, 5.9584727374311388, 9.6026037988407751, 13.76140316328468, 17.036091706620475, 5.2228950835019008, 15.458662742776996]
C4 [12.954995210578129, 2.5620628348708347, 16.394382053853732, 6.950911682904672, 5.2650539408236767, 24.657569999922575, 15.891968107951815, 15.323056169094547]
C5 [37.848245355287489, 2.8569200324539366, 2.0339223195651575, 32.556382728581028, 10.806003158734029, 6.7851676253952604, 6.9480625341710605, 0.16529624581202684]
C6 [7.4917910772391405, 6.7314146441831184, 21.396339122497317, 18.075732912636848, 29.991749194020638, 0.04158631105517565, 6.4465203272406031, 9.824866411127168]
C7 [1.3995650926656118, 22.444257634311935, 14.788816108489367, 6.3852457773133029, 5.3567807212919236, 0.082522017237569079, 16.520270781426831, 33.022541867263463]
C8 [2.3455487568017839, 24.448712034070414, 11.554044205905923, 5.3681904786131636, 4.3431011313438708, 25.715393046728991, 26.159525695527535, 0.06548465100831953]
princ_orig [[-1.06587935  0.32257619  0.48387277  1.1835359   0.22501167 -1.16741476
  -0.73774975 -1.58607175]
 [-0.87600459  2.18010904  1.36849822  1.20094835  0.39403763 -1.49232138
   1.48181784 -3.12413197]
 [-0.10942523 -1.85864963 -0.16441431 -0.50670326 -0.34970124 -1.88849745
   2.21758223  0.90254099]
 [ 0.67990204 -1.21287013  0.05850946 -1.15248592  0.22807959  0.54870749
  -0.8605736  -0.84048618]
 [ 0.1275625  -0.7173564   0.26383155  0.19785794 -0.00524794  0.70472126
  -0.23541661  0.6419756 ]
 [ 0.70642073  1.53959257 -1.55408864 -1.02462309 -0.02576817 -0.07523688
  -0.14060366  0.18932351]
 [ 0.13426028  1.51010472 -0.5335785   0.58117784 -0.34222268  1.50295277
   0.68462482  2.29487357]]
princ [[-1.06587935  0.32257619  0.48387277 ..., -1.16741476 -0.73774975
  -1.58607175]
 [-0.87600459  2.18010904  1.36849822 ..., -1.49232138  1.48181784
  -3.12413197]
 [-0.10942523 -1.85864963 -0.16441431 ..., -1.88849745  2.21758223
   0.90254099]
 ..., 
 [ 0.28637157 -0.41249963 -0.33644472 ...,  0.33569497 -0.31309261
  -0.74551651]
 [ 0.06834917  1.2119863  -1.43660322 ...,  0.14997858 -0.51856276
   0.1804584 ]
 [ 0.02876435  0.20056548  0.1727811  ...,  1.40183239 -0.06281799
   1.2720416 ]]

###TABLE VII. TABLE VIII###.


*** Oposição:
[1.0, 1.0188638287779928, 0.49520992737263075, 0.26449431321772138, 0.45069818700187564, 0.24236601005528319]

*** Inovação:
[0.0, 1.9178676335750868, 2.9233708514488392, 1.7927973829309622, 2.7603292201040603, 3.1911298461726321]

*** Dialéticas:
[3.1979290441593222, 2.0901811556803795, 0.15384062752728786, 0.011133953601454397, 0.28081045061269844]

*** Dialéticas 2d:
[3.0062641164980084, 1.5681715004261976, 0.39619083000265781, 1.4472799293261898, 0.99429027951370696]

*** Dialéticas Todos (8d):
[2.1789478308370915, 1.2540543996181719, 1.0969867592033566, 0.2606505892640163, 0.23760727069763185]
dados [[ 1.41490624  0.8426518   0.82366951 ..., -0.70009722  0.6671868
   0.88139183]
 [ 1.40239212 -1.95062945  0.59190764 ...,  0.53947954  0.93877356
   0.36236373]
 [ 0.85678986 -1.90497207 -0.22545613 ..., -0.89877243  0.27327198
   0.67209828]
 ..., 
 [ 1.61335091  0.65893726 -1.34393587 ...,  0.27533402 -1.0191222
  -0.04591743]
 [-0.5970411  -1.57162308  1.34482263 ...,  0.35584802 -1.04531337
  -1.20975171]
 [-0.90822517 -0.44567662 -2.0157387  ..., -0.61769123  2.02274756
  -0.36716398]]
###TABLE V.### Average and standard deviation of the deviations for each composer and for the 8 eigenvalues.
main_means [3.865332464410566, 5.4967899926718591, 4.5525714402880348, 3.5168995564478047, 3.06699955391437, 3.6812078271184037, 4.255553702376961]
main_stds [0.81436299289722969, 0.87557031157538989, 0.83367676469994467, 0.77776928686561597, 0.68884875152895431, 0.81061597511416494, 0.86167520391614727]
eigenvalues means [-0.1710234  -0.06383121 -0.04372592 -0.01599617  0.05916091  0.07093679
  0.08338912  0.08108988]
eigenvalues stds [ 0.00431607  0.0026877   0.00218581  0.00196924  0.00231321  0.00230111
  0.00270929  0.00307746]
