A1 & 4.63813831653 & 4.743934955 & 7.90205774776 & 5.60953739297 & 1.9150776845 & 5.90750382837 & 6.0087912966 & 7.97766136412 \
A2 & 1.99986252366 & 8.15432493345 & 3.82096702017 & 7.55517498226 & 2.58748958942 & 7.18720461614 & 1.29013241024 & 5.65620067963 \
A3 & 4.52043203516 & 2.56421442189 & 6.61127474273 & 4.026891819 & 5.71809594212 & 2.20651523564 & 4.98222606881 & 7.27217808897 \
A4 & 5.53595200787 & 4.32895464645 & 3.13757202894 & 2.07013206223 & 8.99725830544 & 3.8279579826 & 7.3054000839 & 7.86119468112 \
A5 & 6.01343152426 & 5.56096897458 & 3.65766680781 & 1.5254680866 & 2.09568765591 & 1.97317912831 & 8.94628273747 & 8.88961574612 \
A6 & 6.33674998453 & 7.45062325813 & 1.35752128726 & 4.39782130742 & 1.160468025 & 7.99227135498 & 1.68629368716 & 1.53206617846 \
A7 & 3.13854499992 & 3.84035148051 & 7.96326695416 & 5.34668798511 & 4.1134052566 & 3.8523946478 & 1.34048667228 & 3.95005871078 \
PEARSON
['1.0', '-0.1', '-0.46', '-0.8', '0.01', '-0.18', '0.58', '0.08']
['-0.1', '1.0', '-0.66', '0.38', '-0.59', '0.77', '-0.39', '-0.42']
['-0.46', '-0.66', '1.0', '0.32', '0.05', '-0.35', '-0.03', '0.27']
['-0.8', '0.38', '0.32', '1.0', '-0.4', '0.65', '-0.79', '-0.42']
['0.01', '-0.59', '0.05', '-0.4', '1.0', '-0.48', '0.3', '0.35']
['-0.18', '0.77', '-0.35', '0.65', '-0.48', '1.0', '-0.64', '-0.65']
['0.58', '-0.39', '-0.03', '-0.79', '0.3', '-0.64', '1.0', '0.85']
['0.08', '-0.42', '0.27', '-0.42', '0.35', '-0.65', '0.85', '1.0']
AUTOVALORES [ 49.28170922  26.71747129  11.24886388   8.78094582   3.5645076    0.40650219
        0.        ]
CONTRIBUICOES
C1 [9.023487716391804, 13.696085192928848, 3.153098766378232, 15.593098046549677, 10.987253307867997, 16.513855920584, 16.639302164984272, 14.393818884315158]
C2 [21.134721675992896, 14.6855636553034, 24.799821689872516, 14.197576443478255, 5.9294904355963585, 7.065324547383199, 7.233792882688447, 4.953708669684907]
OPOSICAO [1.0, 0.91388932628599806, 0.13825037651513614, -0.07806050055453162, 0.76366881947374599, 0.62794071947110031]
INOVACAO [4.242156220644677e-15, 0.086771725671109717, 2.0613990098943522, 0.61465314980915386, 3.0601245160411135, 1.8548380872275525]
DIALÉTICAS [1.0570612127147823, 0.56572820462672968, 0.80218729452536275, 2.3393174087013464, 0.052203237932339969]
main_means [2.2825292105130397, 3.4012282514046031, 2.8099611916430289, 2.900063753580159, 3.1683626699788618, 3.8445568216368344, 2.8414467421676752]
main_stds [0.93694761259001247, 1.5552657328087574, 1.299194267039987, 1.4061209451287022, 1.4621138586973315, 1.5056771133379196, 1.257800388722371]
eigenvalues means [-0.10050536 -0.00656853  0.06013673  0.01722249]
eigenvalues stds [ 0.05306194  0.034769    0.02914658  0.02637716]
