A1 & 3.20927364994 & 5.50071725201 & 1.04472698081 & 7.70422979624 & 2.67086239738 & 2.93605591742 & 1.55059042777 & 2.57059963578 \
A2 & 6.25416248569 & 4.54145249076 & 7.48539199926 & 4.34418734567 & 7.42108977858 & 7.46837326053 & 3.90509234403 & 5.33349467106 \
A3 & 6.81429185392 & 5.31554639819 & 1.50565253835 & 8.23125789205 & 7.46535398735 & 2.47882923668 & 1.23249690677 & 8.09399157987 \
A4 & 8.26204914238 & 6.57341786227 & 4.92986558397 & 8.2604750106 & 3.85712958939 & 5.16626229289 & 3.42313491204 & 3.2832456951 \
A5 & 1.89082523832 & 3.58462603579 & 2.297452355 & 4.40613832573 & 8.59421905751 & 8.76364775902 & 2.83775561972 & 1.84278841033 \
A6 & 4.47864727229 & 2.8580777972 & 8.32289757788 & 8.34448206348 & 7.48728442427 & 4.19501454432 & 4.65484067868 & 7.04087729861 \
A7 & 2.69449854022 & 2.17674240509 & 6.83427531933 & 1.75684955777 & 6.44146780013 & 5.91152083096 & 5.21717875387 & 1.70842800343 \
PEARSON
['1.0', '0.69', '0.13', '0.53', '-0.2', '-0.31', '-0.15', '0.55']
['0.69', '1.0', '-0.51', '0.64', '-0.59', '-0.35', '-0.67', '0.13']
['0.13', '-0.51', '1.0', '-0.3', '0.28', '0.3', '0.91', '0.15']
['0.53', '0.64', '-0.3', '1.0', '-0.36', '-0.68', '-0.53', '0.56']
['-0.2', '-0.59', '0.28', '-0.36', '1.0', '0.49', '0.26', '0.34']
['-0.31', '-0.35', '0.3', '-0.68', '0.49', '1.0', '0.45', '-0.49']
['-0.15', '-0.67', '0.91', '-0.53', '0.26', '0.45', '1.0', '-0.19']
['0.55', '0.13', '0.15', '0.56', '0.34', '-0.49', '-0.19', '1.0']
AUTOVALORES [ 47.51413954  23.48638281  14.58101163  10.51966814   3.13882769   0.75997019
        0.        ]
CONTRIBUICOES
C1 [11.059397185178256, 15.991492712514365, 10.860058666701919, 15.880959524973266, 10.08661703200448, 13.778645679264395, 14.624839608136329, 7.717989591227001]
C2 [17.03443575365236, 3.550282161393594, 20.109956895267317, 8.082543107838202, 11.481217318808538, 4.707227275053744, 11.682796844487058, 23.351540643499195]
OPOSICAO [1.0, 0.66415745829771033, 0.34478044322938101, 1.7140805403433883, 0.55698360607815633, 0.40591103608476392]
INOVACAO [2.2204460492503131e-16, 1.3689201437198144, 0.028091964101687277, 0.013802048795082409, 2.2685303586848637, 2.9272514108042538]
DIALÉTICAS [0.1187708276438131, 0.2822146216042532, 4.4131139850454559, 0.1922367477189304, 0.30067169457064624]
main_means [3.3975791347908548, 2.4352436799125927, 3.1388006974142715, 2.5955925112497429, 2.9317713837191146, 2.8109453708688075, 3.4965089635193589]
main_stds [1.4272470580674743, 1.1600696846616987, 1.5168689748094357, 1.3084173288821073, 1.3491726082127637, 1.2634927686714994, 1.6770730743248758]
eigenvalues means [-0.08567536  0.0290867   0.02842377 -0.00106382]
eigenvalues stds [ 0.05178682  0.03418019  0.0297791   0.02678055]
