A1 & 7.59197065562 & 8.30236883598 & 3.52751176957 & 4.76601585351 & 5.44786719636 & 6.73843721429 & 8.50650293289 & 7.89787676383 \
A2 & 6.0360477771 & 8.46544775397 & 3.75891622529 & 7.14357519415 & 3.74769601735 & 8.39826774103 & 5.71455869832 & 5.08503830688 \
A3 & 6.29464394856 & 3.94438594947 & 6.10155802901 & 6.16464967142 & 8.33978532138 & 7.50374188932 & 4.58622153479 & 8.54449032689 \
A4 & 6.71235815771 & 5.33876407938 & 4.3949652663 & 3.76022326486 & 2.19249592484 & 1.02780521267 & 7.24701004353 & 3.17043984471 \
A5 & 3.54174564451 & 3.71192337065 & 7.62958680651 & 8.44646588866 & 1.18156135517 & 4.72533537179 & 5.17501996452 & 5.67116397023 \
A6 & 4.67207401337 & 7.48516038851 & 4.28670525388 & 2.73303884902 & 5.50036231262 & 1.43280242558 & 7.02220290634 & 1.84506472597 \
A7 & 2.0658660512 & 3.83975352822 & 5.77940562485 & 3.72616409755 & 2.10905857386 & 2.59238756954 & 4.92544021768 & 5.99805867943 \
PEARSON
['1.0', '0.56', '-0.62', '-0.0', '0.51', '0.39', '0.6', '0.19']
['0.56', '1.0', '-0.88', '-0.19', '0.24', '0.26', '0.69', '-0.23']
['-0.62', '-0.88', '1.0', '0.5', '-0.26', '-0.06', '-0.73', '0.24']
['-0.0', '-0.19', '0.5', '1.0', '-0.14', '0.68', '-0.47', '0.45']
['0.51', '0.24', '-0.26', '-0.14', '1.0', '0.44', '0.05', '0.39']
['0.39', '0.26', '-0.06', '0.68', '0.44', '1.0', '-0.21', '0.73']
['0.6', '0.69', '-0.73', '-0.47', '0.05', '-0.21', '1.0', '-0.26']
['0.19', '-0.23', '0.24', '0.45', '0.39', '0.73', '-0.26', '1.0']
AUTOVALORES [ 42.31293203  32.58096045  11.98608616   6.49250037   4.5913725    2.03614848
        0.        ]
CONTRIBUICOES
C1 [16.219612652420505, 19.288555700588088, 20.861725343146823, 10.873387969937925, 8.109958308617331, 0.5149533307437539, 18.92082979678444, 5.210976897761141]
C2 [12.635107563144606, 3.2769705084372935, 0.6035172669662127, 16.60478934749027, 14.989240022056874, 25.18547025472726, 5.133290724770456, 21.57161431240703]
OPOSICAO [0.99999999999999989, 1.9307012965647841, 0.85740173782281726, 0.5849739203763562, 0.66324226419696342, 0.51099580606207717]
INOVACAO [2.0014830212433605e-15, 1.6394811391390594, 1.9065181758022489, 3.0221166386397411, 2.2401188394478941, 2.3584417167342151]
DIALÉTICAS [1.6458156602289433, 1.2155288488551137, 0.21758906910801415, 0.62720691212086721, 0.18678162492337519]
main_means [3.4443296499152969, 2.5422941751010195, 3.2555761571497577, 2.8890811427976906, 3.4222237730693834, 3.0692209244685849, 3.0600895542253297]
main_stds [1.4726666994310049, 1.1386048417854191, 1.3631390388602811, 1.261807918183192, 1.5185715853205357, 1.3542053270722036, 1.3937612250468039]
eigenvalues means [-0.03505345 -0.06355561  0.05490691  0.04082202]
eigenvalues stds [ 0.05142951  0.03464128  0.02950558  0.02675184]
