A1 & 5.90745644122 & 5.20430930826 & 8.87748784042 & 7.33312361728 & 6.96747652306 & 3.41968030537 & 2.30622809668 & 3.2354400405 \
A2 & 3.12464085836 & 5.66916093123 & 8.12184498828 & 1.96595450313 & 1.4711654323 & 1.93722202827 & 4.61703519081 & 8.81903670623 \
A3 & 3.25156061347 & 7.85675561305 & 6.78096325833 & 4.92031755927 & 7.13087482331 & 1.80037053663 & 2.60291342201 & 1.08022394819 \
A4 & 5.5499775733 & 1.98420348015 & 2.7947678903 & 2.0203031198 & 8.47565848267 & 1.04919000056 & 3.06087404972 & 7.29504066675 \
A5 & 4.14838096653 & 5.38532230593 & 5.41696615749 & 2.75158697855 & 3.60616788524 & 4.2777498175 & 7.27994312766 & 5.06116834177 \
A6 & 4.44396731004 & 4.72714656109 & 5.25753955274 & 6.28502567492 & 5.12834146849 & 8.55208210718 & 6.99322727138 & 7.63352128154 \
A7 & 7.96441609694 & 3.53020636472 & 3.38689615839 & 1.2999320652 & 7.82716444055 & 1.26030225744 & 5.8469548578 & 2.66133861378 \
PEARSON
['1.0', '-0.66', '-0.49', '-0.17', '0.64', '-0.22', '0.03', '-0.3']
['-0.66', '1.0', '0.7', '0.41', '-0.38', '0.12', '-0.13', '-0.41']
['-0.49', '0.7', '1.0', '0.56', '-0.49', '0.12', '-0.34', '-0.08']
['-0.17', '0.41', '0.56', '1.0', '0.12', '0.6', '-0.26', '-0.23']
['0.64', '-0.38', '-0.49', '0.12', '1.0', '-0.29', '-0.46', '-0.55']
['-0.22', '0.12', '0.12', '0.6', '-0.29', '1.0', '0.57', '0.31']
['0.03', '-0.13', '-0.34', '-0.26', '-0.46', '0.57', '1.0', '0.33']
['-0.3', '-0.41', '-0.08', '-0.23', '-0.55', '0.31', '0.33', '1.0']
AUTOVALORES [ 37.43573721  28.68502703  17.62193063  10.46572548   5.56870072   0.22287894
        0.        ]
CONTRIBUICOES
C1 [18.5641618666739, 18.020049199955874, 18.520268464192277, 12.145727313510092, 16.322791318849667, 11.248874447492797, 1.5403885916562228, 3.6377387976691606]
C2 [2.775736246238579, 10.569126889128563, 9.695018991285462, 11.321928642610054, 14.233983579296511, 10.478752149904592, 20.546992478481044, 20.378461023055202]
OPOSICAO [1.0, 0.76841471630246683, 1.1084487660682787, 0.49525850862792653, -0.14176407133399252, 0.90941459417743975]
INOVACAO [4.4408920985006262e-16, 0.23536045448147558, 1.9797520964165651, 1.6861032982040265, 0.44796088619602659, 2.2656525911126142]
DIALÉTICAS [0.54084823950486838, 0.066300023376957853, 0.057980084235969932, 0.66768028631362553, 6.7364493928009264]
main_means [2.9652459494066687, 2.8311465485881953, 3.2006702820848121, 3.113902263901219, 2.5169708949490537, 2.7664902904385729, 3.2609179849080299]
main_stds [1.2473245094152174, 1.3472770319297498, 1.3602852482814136, 1.4825797169338459, 1.1114745964333821, 1.2476572584457533, 1.5442923466882543]
eigenvalues means [ 0.01406731 -0.02455404 -0.00010595  0.00064542]
eigenvalues stds [ 0.05283003  0.03362452  0.03041466  0.02582266]
