A1 & 7.73490691893 & 4.04272576604 & 5.02404734292 & 4.63113080353 & 2.11436534636 & 6.57266385046 & 5.13897683467 & 8.37297116268 \
A2 & 7.96504810908 & 5.13992600191 & 6.45247253664 & 2.54300222192 & 8.71812091436 & 6.85961948659 & 7.41816976049 & 7.01462508423 \
A3 & 7.41937744077 & 7.90785822635 & 1.69008895218 & 8.99952611461 & 6.2062718003 & 3.1156181444 & 8.07774818873 & 8.47172210872 \
A4 & 3.14487714195 & 2.40994010689 & 2.69916806408 & 2.52338448848 & 3.34131274139 & 8.85406860249 & 5.31929956361 & 8.49433672068 \
A5 & 6.471712914 & 7.30422634228 & 7.77864050783 & 4.78991121466 & 1.59259473058 & 1.99614593426 & 2.63752886538 & 5.87988570872 \
A6 & 4.25714121699 & 2.05776056254 & 7.86771053448 & 7.49196748038 & 2.27698042209 & 8.89544413821 & 3.82123372865 & 5.02755625736 \
A7 & 2.52187581731 & 5.94413737958 & 1.05090696658 & 6.63964803907 & 6.94183437638 & 5.68735691933 & 3.02714121556 & 7.55531522552 \
PEARSON
['1.0', '0.42', '0.35', '-0.06', '0.1', '-0.42', '0.57', '0.1']
['0.42', '1.0', '-0.24', '0.35', '0.34', '-0.95', '0.16', '0.15']
['0.35', '-0.24', '1.0', '-0.24', '-0.44', '0.06', '-0.26', '-0.79']
['-0.06', '0.35', '-0.24', '1.0', '-0.01', '-0.34', '-0.01', '-0.14']
['0.1', '0.34', '-0.44', '-0.01', '1.0', '-0.03', '0.55', '0.29']
['-0.42', '-0.95', '0.06', '-0.34', '-0.03', '1.0', '0.03', '-0.03']
['0.57', '0.16', '-0.26', '-0.01', '0.55', '0.03', '1.0', '0.52']
['0.1', '0.15', '-0.79', '-0.14', '0.29', '-0.03', '0.52', '1.0']
AUTOVALORES [ 35.16636894  25.69228502  19.1638648   10.14099496   8.7605908    1.07589548
        0.        ]
CONTRIBUICOES
C1 [10.402994703366488, 17.122986173500717, 12.390557511178486, 6.019525783792696, 13.341477711424874, 13.302615544898163, 14.162857721653433, 13.256984850185138]
C2 [10.672184915410295, 13.718452686496411, 15.19087996133772, 8.687217549688233, 9.095177250576777, 18.240459899182877, 8.70240273160491, 15.693225005702779]
OPOSICAO [1.0000000000000002, 1.9742235659280611, 0.92070202822124247, 0.82446773266307061, 0.34587961614695184, 0.59980711059769487]
INOVACAO [1.1102230246251565e-16, 0.74659360106637473, 0.90521791468319679, 2.3039269535330629, 2.5597361847642253, 0.61625485378186406]
DIALÉTICAS [2.6762744761710699, 1.4263337387638437, 0.13868419032033868, 0.017675090364549846, 0.083840390091818068]
main_means [2.1183133302137809, 2.2398589670200582, 3.4808061588342571, 3.1677800352130077, 3.4248131604822087, 3.3533958394256818, 2.2779677498690103]
main_stds [0.89730164836478699, 1.0190921633065466, 1.6512420833952415, 1.3338298596244069, 1.3591215280631168, 1.4961651281492321, 0.98822642768394897]
eigenvalues means [ 0.03614666  0.00435812 -0.01630161  0.00508492]
eigenvalues stds [ 0.05228665  0.03409002  0.02832247  0.02596556]
