A1 & 6.999604856 & 6.47526230101 & 2.01816498121 & 4.37615432264 & 4.98795137607 & 4.57370840432 & 6.66242641395 & 8.92082593604 \
A2 & 6.14017563728 & 2.49565823033 & 1.51079775142 & 7.80702130048 & 8.53341417516 & 8.53532644599 & 1.46520023342 & 6.27753332374 \
A3 & 2.67183027072 & 8.90443583255 & 3.96178776801 & 8.79859685968 & 6.18879139373 & 6.26266058488 & 4.50315633491 & 2.77068636699 \
A4 & 7.52364875953 & 5.61953423242 & 1.05193474641 & 2.84042540948 & 1.11078772509 & 7.00608408855 & 1.54094362486 & 6.26155503728 \
A5 & 1.79880714693 & 3.48746611979 & 6.69979208026 & 2.52699263655 & 5.01908882766 & 3.12039085161 & 6.09366692059 & 3.82043142837 \
A6 & 7.13374040324 & 5.92595411531 & 6.20974930208 & 1.21689753648 & 5.81340408087 & 7.78251795499 & 6.36837791322 & 4.55747956622 \
A7 & 2.32164394584 & 5.50180726873 & 6.65265822424 & 4.12892885313 & 2.81345164716 & 8.15992123782 & 3.34657037242 & 1.26193247459 \
PEARSON
['1.0', '-0.06', '-0.65', '-0.24', '-0.03', '0.31', '-0.14', '0.78']
['-0.06', '1.0', '0.02', '0.2', '-0.23', '-0.06', '0.31', '-0.17']
['-0.65', '0.02', '1.0', '-0.4', '-0.04', '-0.15', '0.52', '-0.74']
['-0.24', '0.2', '-0.4', '1.0', '0.53', '0.21', '-0.38', '-0.06']
['-0.03', '-0.23', '-0.04', '0.53', '1.0', '0.08', '0.15', '0.13']
['0.31', '-0.06', '-0.15', '0.21', '0.08', '1.0', '-0.63', '-0.22']
['-0.14', '0.31', '0.52', '-0.38', '0.15', '-0.63', '1.0', '0.07']
['0.78', '-0.17', '-0.74', '-0.06', '0.13', '-0.22', '0.07', '1.0']
AUTOVALORES [ 33.29194869  23.90353938  18.03977487  14.59863763   9.635383     0.53071644
        0.        ]
CONTRIBUICOES
C1 [19.8853774318456, 5.300376565571712, 22.94692506293857, 6.536367347823351, 3.5241943833402476, 9.591737534397819, 13.708783582490758, 18.506238091591943]
C2 [13.140368809853879, 0.7880440316333978, 0.7573740974586632, 21.643589009803364, 9.524613096295251, 17.91592626823585, 18.566007818937898, 17.6640768677817]
OPOSICAO [1.0, 0.64193240614316527, 0.71619624342955746, 1.2117920459517402, 0.31565464689036909, 0.68077447822920423]
INOVACAO [4.4408920985006262e-16, 1.9601729227272062, 0.23282453027447753, 1.8243350765680701, 0.49789833435316611, 2.0543781416049227]
DIALÉTICAS [0.16919077033924304, 0.26849866525993615, 0.35062955678242641, 0.07644518581898628, 0.17341049077585399]
main_means [2.9396230248982045, 3.4931501125851705, 2.5980890243665811, 2.6803893843889042, 3.0036701316921506, 2.3361684579788262, 2.7139799445679391]
main_stds [1.2957478204446786, 1.4919351802012346, 1.1716688138974702, 1.279364003882558, 1.5052399718593839, 1.0093997374760446, 1.3266562376650741]
eigenvalues means [ 0.05882239  0.02509409 -0.0075328  -0.04267632]
eigenvalues stds [ 0.05278272  0.03497205  0.03057963  0.02598155]
