A1 & 4.39683702766 & 8.06425951092 & 6.91237407453 & 3.42615947787 & 5.26075915551 & 6.52406924754 & 5.43510483302 & 6.38142510441 \
A2 & 5.64857739266 & 1.24279053338 & 6.63685408152 & 1.15396289012 & 4.55113971 & 2.11541794709 & 1.06017454979 & 4.72287207488 \
A3 & 1.64300188085 & 3.77603657961 & 1.36821144785 & 6.24208590111 & 3.39655347755 & 7.47904142067 & 3.09013652844 & 4.20229801454 \
A4 & 2.56465474736 & 2.10569160433 & 7.96804583249 & 2.47705251889 & 6.2987831248 & 4.90276994599 & 2.20759201321 & 2.21727177834 \
A5 & 5.9204216657 & 3.28808228711 & 2.6434385918 & 3.30845075102 & 4.45612064066 & 3.28852922893 & 7.81359934135 & 3.60754903969 \
A6 & 1.72982507385 & 5.52133249673 & 4.69896929223 & 7.94071769212 & 2.86588988816 & 5.47504281046 & 6.31318890938 & 4.3493162008 \
A7 & 4.99640970318 & 7.79283259733 & 4.04742508994 & 5.38906295302 & 7.71539729655 & 6.26077008828 & 5.69074784424 & 8.67427832828 \
PEARSON
['1.0', '-0.0', '0.11', '-0.64', '0.42', '-0.62', '0.18', '0.36']
['-0.0', '1.0', '-0.09', '0.49', '0.29', '0.66', '0.58', '0.78']
['0.11', '-0.09', '1.0', '-0.56', '0.36', '-0.3', '-0.43', '-0.11']
['-0.64', '0.49', '-0.56', '1.0', '-0.36', '0.66', '0.47', '0.21']
['0.42', '0.29', '0.36', '-0.36', '1.0', '0.05', '-0.06', '0.49']
['-0.62', '0.66', '-0.3', '0.66', '0.05', '1.0', '0.17', '0.34']
['0.18', '0.58', '-0.43', '0.47', '-0.06', '0.17', '1.0', '0.27']
['0.36', '0.78', '-0.11', '0.21', '0.49', '0.34', '0.27', '1.0']
AUTOVALORES [ 39.87856705  28.8766624   16.4586224    7.35843547   4.8542484    2.57346429
        0.        ]
CONTRIBUICOES
C1 [8.855832919351773, 16.934730359378158, 11.899125575405849, 18.95099823492291, 2.1947039426687733, 17.57078059624172, 12.88019280422085, 10.71363556780997]
C2 [19.51263557718913, 13.973591395081264, 7.644544067915661, 9.493866185752891, 21.336109867349524, 2.093610315174781, 5.854413470883923, 20.09122912065283]
OPOSICAO [1.0, 0.85067954452696903, 0.62647944473354156, 0.57060181505991403, 2.1338141846901415, 0.61772456590918434]
INOVACAO [6.6613381477509392e-16, 1.7109523217640874, 1.0715705805927425, 0.24880855083455708, 1.1515904308921989, 3.0367403453233299]
DIALÉTICAS [0.40361290762793894, 0.22296316317625148, 0.24111039847073928, 1.2761294197342627, 0.38585405995183925]
main_means [2.5316003777103124, 3.5323797713641469, 3.1453957021189387, 2.7333198898965079, 2.1480150092657913, 3.0201439911461221, 3.5018529459085861]
main_stds [1.1718461497380004, 1.4922263493178889, 1.3873479012057759, 1.3662210577195475, 0.91771568029417205, 1.3413806340072365, 1.4389554270132705]
eigenvalues means [-0.01251954 -0.02600708  0.01128689  0.03342645]
eigenvalues stds [ 0.05224449  0.03478962  0.02893355  0.02666815]
