A1 & 3.95384680311 & 8.26101025547 & 7.58304506657 & 4.89536395376 & 2.06511155826 & 1.67989177397 & 7.05186125391 & 4.86948585993 \
A2 & 2.06960704233 & 4.95475992974 & 5.62621596992 & 2.26746807159 & 3.19661032394 & 1.6571613791 & 3.79949301249 & 4.86817836267 \
A3 & 7.70195559795 & 3.79226089145 & 5.50060112697 & 5.5012501144 & 8.59177218424 & 1.87682948571 & 2.41694344923 & 2.76896576985 \
A4 & 3.89501428799 & 4.86708553574 & 7.17848230206 & 6.33360382144 & 5.51431028662 & 1.9121240189 & 3.93449888144 & 6.69183036686 \
A5 & 7.56494456284 & 1.3565119578 & 4.09959599041 & 3.81403732723 & 1.29554014998 & 8.71200256822 & 6.06275030114 & 6.41859551321 \
A6 & 4.6488797745 & 8.00365960511 & 2.67555807666 & 4.7977141244 & 8.84274574422 & 2.74709294306 & 2.13738045117 & 1.61624098071 \
A7 & 2.34492673716 & 4.44482430097 & 2.25848078822 & 7.68457069629 & 7.88625275136 & 3.71932734226 & 2.86455040697 & 7.41967172617 \
PEARSON
['1.0', '-0.46', '0.01', '-0.08', '-0.0', '0.49', '0.09', '-0.31']
['-0.46', '1.0', '0.18', '0.05', '0.2', '-0.68', '-0.02', '-0.48']
['0.01', '0.18', '1.0', '-0.21', '-0.49', '-0.43', '0.53', '0.08']
['-0.08', '0.05', '-0.21', '1.0', '0.57', '-0.11', '-0.3', '0.32']
['-0.0', '0.2', '-0.49', '0.57', '1.0', '-0.39', '-0.91', '-0.43']
['0.49', '-0.68', '-0.43', '-0.11', '-0.39', '1.0', '0.33', '0.36']
['0.09', '-0.02', '0.53', '-0.3', '-0.91', '0.33', '1.0', '0.4']
['-0.31', '-0.48', '0.08', '0.32', '-0.43', '0.36', '0.4', '1.0']
AUTOVALORES [ 36.29897169  26.84086078  18.76559218  10.75510842   7.01825488   0.32121205
        0.        ]
CONTRIBUICOES
C1 [5.861781593070956, 11.564967538649288, 7.621434390540904, 9.286548366937735, 20.522606850424374, 14.28997635664738, 18.782161734002106, 12.070523169727247]
C2 [12.749469670281691, 18.510448327550403, 19.352829598473875, 8.09474143875953, 9.047273600053561, 18.25452603838366, 10.054137079064903, 3.9365742474323784]
OPOSICAO [1.0000000000000002, 2.8600067196711247, 0.43990130704943081, 2.7465048922829323, 0.74238991330441928, 0.24385422290304223]
INOVACAO [1.6653345369377348e-16, 0.3613836416422106, 0.16249414925543695, 1.1729135044296728, 1.8876731787035985, 1.3384737695051698]
DIALÉTICAS [2.5212322526629869, 0.20094145216137482, 0.63451498436518639, 0.83834021004118264, 0.22932457203352408]
main_means [3.2453377693502725, 2.4972038125143405, 2.4715091976232588, 2.1502663313162875, 4.1738831522868098, 3.0860051770009149, 2.7035591992225596]
main_stds [1.3869402593601723, 1.0792409645152869, 1.1829100576358813, 0.90101407660170341, 1.5788077396160927, 1.485427008824856, 1.2542899155872889]
eigenvalues means [ 0.02805177 -0.00617678 -0.01415299 -0.00236758]
eigenvalues stds [ 0.05274381  0.03483025  0.02812676  0.02674905]
