A1 & 3.38534491628 & 8.79621623801 & 4.30986781619 & 7.10976777217 & 5.22312094122 & 7.96063916973 & 7.15434503143 & 3.7967962067 \
A2 & 7.92162750153 & 1.14179932264 & 1.03830994584 & 2.39094305076 & 8.69031520905 & 1.36437886821 & 6.78171392266 & 2.79637839694 \
A3 & 1.1109891413 & 4.37977315991 & 2.21037584463 & 2.15538537262 & 7.95335603546 & 2.22378068064 & 5.91170046558 & 1.73518166374 \
A4 & 2.88559149493 & 6.56483270506 & 6.43051573409 & 3.17584885227 & 4.18241810802 & 6.66752176373 & 3.13101849827 & 4.34867504607 \
A5 & 7.49163266103 & 1.24180298628 & 3.09676757344 & 6.45759439678 & 3.70003440824 & 6.55367016389 & 8.82155248766 & 3.5131511055 \
A6 & 2.25571055376 & 1.95175115171 & 6.36617395783 & 1.00079239989 & 2.5488995451 & 8.78635249403 & 5.59286928336 & 8.88202327102 \
A7 & 8.30755424199 & 5.16333968227 & 6.01273167761 & 4.72785485441 & 8.260392648 & 7.40659065622 & 5.67536265716 & 5.57356640673 \
PEARSON
['1.0', '-0.38', '-0.23', '0.38', '0.36', '-0.1', '0.45', '-0.09']
['-0.38', '1.0', '0.4', '0.43', '0.02', '0.35', '-0.38', '-0.12']
['-0.23', '0.4', '1.0', '-0.02', '-0.54', '0.85', '-0.58', '0.76']
['0.38', '0.43', '-0.02', '1.0', '-0.08', '0.35', '0.54', '-0.28']
['0.36', '0.02', '-0.54', '-0.08', '1.0', '-0.71', '0.03', '-0.57']
['-0.1', '0.35', '0.85', '0.35', '-0.71', '1.0', '-0.09', '0.74']
['0.45', '-0.38', '-0.58', '0.54', '0.03', '-0.09', '1.0', '-0.26']
['-0.09', '-0.12', '0.76', '-0.28', '-0.57', '0.74', '-0.26', '1.0']
AUTOVALORES [ 42.6801239   23.58981725  19.17785786  10.9345867    3.10803927   0.50957502
        0.        ]
CONTRIBUICOES
C1 [9.183586322535513, 7.900364258639679, 20.006452325068082, 1.6080565032379253, 15.173251145374248, 18.35280372980885, 10.890543583642955, 16.88494213169275]
C2 [18.322837942678408, 1.9434519136662245, 0.9339490266804313, 29.55111267067503, 8.429090882746822, 16.01968159335522, 23.722250053728494, 1.077625916469362]
OPOSICAO [1.0, 0.31508292524464609, 0.83449008661155499, 0.72367534666232525, 0.81162186079134646, 0.46147431408054801]
INOVACAO [1.1102230246251565e-16, 1.3629291343858358, 2.202784941504405, 1.8672055738324616, 2.3966424439294562, 0.74767805779485341]
DIALÉTICAS [0.36664718807067692, 1.8247340046994183, 0.095732430235582575, 0.55224733409321913, 0.070117188181781046]
main_means [2.4930194209460828, 3.4134787778248583, 3.0648503389946042, 2.8606782584341204, 3.1090416835284742, 3.3050054895004495, 2.16861966748499]
main_stds [1.1654879103108857, 1.5601356622892963, 1.4279476983881507, 1.3727303910127122, 1.3053422201141633, 1.5350375629404802, 0.95156316344212732]
eigenvalues means [-0.03781683  0.02634422 -0.01746015 -0.00343832]
eigenvalues stds [ 0.05171358  0.03408725  0.02836221  0.02615624]
