*** arquivo_notas: notas_compositores.txt qtd_aleatorios: 8000000 std: 1.1

*** Dimensões da tabela de notas: (1387, 8)

*** Tabela geral de notas:
[[ 3.          8.          5.         ...,  5.          3.          7.        ]
 [ 2.          6.          9.         ...,  2.          1.          5.        ]
 [ 6.          4.          1.         ...,  7.          2.          2.        ]
 ..., 
 [ 4.89360139  3.58157305  7.22470192 ...,  7.82768637  8.52703191
   4.16230645]
 [ 6.66708863  7.80452592  2.49260482 ...,  3.26263747  4.29190201
   8.00783697]
 [ 5.76011739  2.49460686  8.2228011  ...,  7.37187603  8.86451378
   7.57997257]]

*** Matriz de covariância:
[[ 1.   -0.2  -0.12  0.7  -0.2   0.18  0.53 -0.16]
 [-0.2   1.   -0.07 -0.19  0.18 -0.51 -0.19  0.38]
 [-0.12 -0.07  1.   -0.23  0.27 -0.03  0.41  0.08]
 [ 0.7  -0.19 -0.23  1.   -0.39  0.24  0.44 -0.02]
 [-0.2   0.18  0.27 -0.39  1.   -0.31 -0.03 -0.25]
 [ 0.18 -0.51 -0.03  0.24 -0.31  1.    0.23 -0.15]
 [ 0.53 -0.19  0.41  0.44 -0.03  0.23  1.    0.  ]
 [-0.16  0.38  0.08 -0.02 -0.25 -0.15  0.    1.  ]]

*** Pearson (igual matriz covar.):
 ###TABLE III. Pearson correlation coefficients between the eight musical characteristics.
['1.0', '-0.2', '-0.12', '0.7', '-0.2', '0.18', '0.53', '-0.16']
['-0.2', '1.0', '-0.07', '-0.19', '0.18', '-0.51', '-0.19', '0.38']
['-0.12', '-0.07', '1.0', '-0.23', '0.27', '-0.03', '0.41', '0.08']
['0.7', '-0.19', '-0.23', '1.0', '-0.39', '0.24', '0.44', '-0.02']
['-0.2', '0.18', '0.27', '-0.39', '1.0', '-0.31', '-0.03', '-0.25']
['0.18', '-0.51', '-0.03', '0.24', '-0.31', '1.0', '0.23', '-0.15']
['0.53', '-0.19', '0.41', '0.44', '-0.03', '0.23', '1.0', '0.0']
['-0.16', '0.38', '0.08', '-0.02', '-0.25', '-0.15', '0.0', '1.0']

*** Autovetores (raw):
[[-0.49  0.04 -0.23 -0.38  0.58 -0.47 -0.01  0.08]
 [ 0.35  0.28 -0.46 -0.22  0.1   0.07  0.47 -0.56]
 [ 0.06 -0.61 -0.34  0.34  0.43  0.28 -0.27 -0.23]
 [-0.5   0.23 -0.2  -0.21 -0.05  0.77 -0.03  0.11]
 [-0.39 -0.36 -0.44  0.04 -0.65 -0.27  0.14 -0.11]
 [ 0.13  0.34 -0.51  0.51  0.08 -0.08  0.11  0.57]
 [-0.37 -0.09  0.35  0.44  0.2   0.06  0.7  -0.1 ]
 [ 0.29 -0.49 -0.03 -0.44  0.04  0.15  0.43  0.52]]

*** Autovalores (raw):
[ 2.6   1.53  1.4   1.11  0.49  0.36  0.27  0.25]

*** Autovalores prop (raw):
[ 0.32  0.19  0.17  0.14  0.06  0.05  0.03  0.03]

*** Autovalores (var. %) ###TABLE IV### New variances after PCA, in percentages for scores on III.:
[32.0, 19.0, 17.0, 14.000000000000002, 6.0, 5.0, 3.0, 3.0]

*** Dados finais:
[[ 1.86873511  1.58681417 -0.8285084  ..., -0.77153926 -0.23305874
  -0.80639926]
 [-0.77729477 -2.65028114  2.2919902  ..., -0.21066462  0.32068283
  -1.3462962 ]
 [-0.3529809   0.05933222  0.40552121 ...,  0.69224679  0.34320415
   0.98948643]
 ..., 
 [-0.47329358 -0.39026672 -1.16250507 ...,  0.3977425   0.80489106
   1.37914966]
 [ 0.1861378  -2.15100181 -1.9642209  ..., -0.34414613  0.77483747
   0.02500803]
 [-0.73391166 -2.20889569  0.62756842 ...,  0.67826635 -0.15797498
   1.9783287 ]]

*** Componentes principais [T] (todos):
[ 1.86873511  1.58681417 -0.8285084  ..., -0.77153926 -0.23305874
 -0.80639926] [-0.77729477 -2.65028114  2.2919902  ..., -0.21066462  0.32068283
 -1.3462962 ] [-0.3529809   0.05933222  0.40552121 ...,  0.69224679  0.34320415
  0.98948643] [-0.02143336  0.45593803  0.56322691 ...,  2.90589819 -2.24968873
  1.93211634]

*** Componentes principais [T] (somente originais):
[ 1.86873511  1.58681417 -0.8285084  -0.16520161  0.09537289 -1.91964154
 -1.28987006] [-0.77729477 -2.65028114  2.2919902   0.84186175  0.48231084 -0.5726531
 -0.76888563] [-0.3529809   0.05933222  0.40552121  0.13752695  0.18692096 -0.65206243
  0.00368887] [-0.02143336  0.45593803  0.56322691 -1.88814171 -0.13416837  0.44811563
  2.14794622]

*** Contribuições (autovetores) [P] (idem para todos e originais) ###TABLE VI.### Percentages of the contributions from each musical characteristic on the four new main axes.

C1 [19.039998587093301, 13.555375827460347, 2.2678265219000142, 19.418900063958549, 15.015219437631183, 5.0762018962654318, 14.284192585060993, 11.342285080630189]
C2 [1.5438322991100917, 11.290642642392784, 25.216531325514179, 9.4183671639432749, 14.763483191874647, 13.864407782200209, 3.7259462420642695, 20.176789352900556]
C3 [8.8454230906043403, 17.836813575535672, 13.214850122507071, 7.9558217359912931, 17.312689692353629, 19.824260549656906, 13.674473434682522, 1.3356677986685486]
C4 [14.668468346838019, 8.3774942438453355, 13.331433910360591, 8.2710467473571487, 1.6057833844954132, 19.906120298318037, 16.89136954391665, 16.948283524868824]
C5 [27.404725132085172, 4.7611914120784675, 20.097305710497729, 2.3845450761807507, 30.452524197040709, 3.8891306611426582, 9.229310318382641, 1.7812674925918561]
C6 [21.773447461855113, 3.2601897750150375, 12.886135871733687, 35.943971535860811, 12.627533282412987, 3.7633561014786716, 2.7716248765017935, 6.9737410951419037]
C7 [0.65690018022804197, 21.537268055272264, 12.456076764454837, 1.4709946764660908, 6.3209024478405942, 5.2782009790797293, 32.373714345138339, 19.905942551520109]
C8 [3.5360082016341674, 24.562857286864915, 10.221363899654198, 4.9100738087254463, 4.6445008983762515, 24.789575242600247, 4.4832729701211775, 22.852347692023585]
princ_orig [[ 1.86873511 -0.77729477 -0.3529809  -0.02143336 -1.14200294 -0.47329358
   0.1861378  -0.73391166]
 [ 1.58681417 -2.65028114  0.05933222  0.45593803 -1.43063752 -0.39026672
  -2.15100181 -2.20889569]
 [-0.8285084   2.2919902   0.40552121  0.56322691 -1.1537426  -1.16250507
  -1.9642209   0.62756842]
 [-0.16520161  0.84186175  0.13752695 -1.88814171  0.19806789  0.53101994
   0.50559582 -0.25226995]
 [ 0.09537289  0.48231084  0.18692096 -0.13416837  0.5483181   0.50815739
   0.21233702  0.96110548]
 [-1.91964154 -0.5726531  -0.65206243  0.44811563  0.3725096  -0.24388235
   0.85783317 -1.00175129]
 [-1.28987006 -0.76888563  0.00368887  2.14794622  1.79482343  0.61989006
   0.27402999  1.17327504]]
princ [[ 1.86873511 -0.77729477 -0.3529809  ..., -0.47329358  0.1861378
  -0.73391166]
 [ 1.58681417 -2.65028114  0.05933222 ..., -0.39026672 -2.15100181
  -2.20889569]
 [-0.8285084   2.2919902   0.40552121 ..., -1.16250507 -1.9642209
   0.62756842]
 ..., 
 [-0.77153926 -0.21066462  0.69224679 ...,  0.3977425  -0.34414613
   0.67826635]
 [-0.23305874  0.32068283  0.34320415 ...,  0.80489106  0.77483747
  -0.15797498]
 [-0.80639926 -1.3462962   0.98948643 ...,  1.37914966  0.02500803
   1.9783287 ]]

###TABLE VII. TABLE VIII###.


*** Oposição:
[1.0, 1.0166654818758505, 0.50051045669872407, 0.26516899249757186, 0.46181939080062873, 0.23865239449823666]

*** Inovação:
[nan, 1.9243402597031722, 2.8666336020628091, 1.7750529019485661, 2.7480334147054917, 3.1920788634591748]

*** Dialéticas:
[3.2004291593257275, 1.1012120370758403, 0.23608652670752941, 1.365836553595758, 0.99699284111020769]

*** Dialéticas 2d:
[3.5806728573327011, 1.1563369489978874, 1.2326738285407117, 0.10620581248034665, 0.67032449956693874]

*** Dialéticas Todos (8d):
[2.1298840522937175, 1.1954947434489069, 1.1395824925867823, 0.3132728411424146, 0.18836159809401043]
dados [[-0.66033865  0.74856535 -2.38326271 ...,  1.29605486 -0.34694118
   0.65390057]
 [-0.11799738  0.23049787 -0.20376989 ..., -0.71946834 -0.07135041
  -0.30358314]
 [-0.94497001  0.64974611 -0.0998431  ...,  1.28901755 -1.32215849
   0.95213238]
 ..., 
 [ 0.3293993   0.03250681  0.29634978 ...,  0.58085738 -0.52624238
  -0.66475814]
 [ 1.13706978 -1.66166255  0.2672029  ..., -0.04644782 -0.48812236
  -1.00296591]
 [-2.05880435 -0.18325368  0.94380539 ..., -0.69473938  1.15475807
  -1.14360158]]
###TABLE V.### Average and standard deviation of the deviations for each composer and for the 8 eigenvalues.
main_means [3.6722527351990357, 5.356508962808042, 4.548856531278239, 3.5436896487612337, 3.0925313288464049, 3.7247823936807776, 4.4077544771834152]
main_stds [0.79791611954819996, 0.94428654801062828, 0.88647387161525348, 0.77609515691166597, 0.67588245248135592, 0.81570972749072579, 0.88365666683096022]
eigenvalues means [-0.1854506  -0.05745408 -0.04468202 -0.01238039  0.06233415  0.07450057
  0.08283424  0.08029812]
eigenvalues stds [ 0.00465692  0.00257269  0.00219024  0.00193783  0.00220466  0.0023409
  0.00270321  0.00305078]
